0.001000 79.752 42.813 5.020 101710.874
0.002000 79.752 43.176 5.020 101607.959
0.003000 79.752 42.539 5.020 101561.177
0.004000 79.988 42.499 4.999 101560.394
0.005000 80.014 42.499 5.025 101560.467
0.006000 80.040 42.498 4.998 101560.620
0.007000 79.988 42.497 4.999 101561.074
0.008000 79.988 42.496 4.999 101561.740
0.009000 79.988 42.496 4.999 101562.484
0.010000 79.988 42.495 4.999 101563.175
0.011000 79.988 42.493 4.999 101563.765
0.012000 79.988 42.492 4.999 101564.215
0.013000 79.988 42.491 4.999 101564.493
0.014000 79.988 42.490 4.999 101564.587
0.015000 79.988 42.488 4.999 101564.511
0.016000 79.988 42.486 4.999 101564.303
0.017000 79.988 42.485 4.999 101564.017
0.018000 79.988 42.483 4.999 101563.710
0.019000 79.988 42.481 4.999 101563.429
0.020000 79.988 42.479 4.999 101563.203
0.021000 79.988 42.477 4.999 101563.050
0.022000 79.988 42.475 4.999 101562.981
0.023000 79.988 42.472 4.999 101562.997
0.024000 79.988 42.470 4.999 101563.097
0.025000 79.988 42.468 4.999 101563.277
0.026000 79.988 42.465 4.999 101563.532
0.027000 79.778 42.462 5.054 101563.859
0.028000 79.778 42.459 5.054 101564.531
0.029000 79.778 42.457 5.054 101565.256
0.030000 79.778 42.454 5.054 101566.011
0.031000 79.778 42.450 5.054 101566.800
0.032000 79.778 42.447 5.054 101567.624
0.033000 79.778 42.444 5.054 101568.483
0.034000 79.778 42.441 5.054 101569.366
0.035000 79.778 42.437 5.054 101570.264
0.036000 79.778 42.433 5.054 101571.170
0.037000 79.778 42.430 5.054 101572.068
0.038000 79.778 42.426 5.054 101572.960
0.039000 79.778 42.422 5.054 101573.855
0.040000 79.778 42.418 5.054 101574.763
0.041000 79.778 42.414 5.054 101575.687
0.042000 79.778 42.410 5.054 101576.630
0.043000 79.778 42.405 5.054 101577.590
0.044000 79.778 42.401 5.054 101578.558
0.045000 79.778 42.397 5.054 101579.526
0.046000 79.778 42.392 5.054 101580.513
0.047000 79.778 42.387 5.054 101581.527
0.048000 79.778 42.382 5.054 101582.572
0.049000 79.778 42.378 5.054 101583.636
0.050000 79.778 42.373 5.054 101584.668
0.051000 79.778 42.367 5.054 101585.699
0.052000 79.778 42.362 5.054 101586.741
0.053000 79.778 42.357 5.054 101587.782
0.054000 79.778 42.352 5.054 101588.819
0.055000 79.778 42.346 5.054 101589.856
0.056000 79.778 42.340 5.054 101590.898
0.057000 79.778 42.335 5.054 101591.949
0.058000 79.778 42.329 5.054 101593.010
0.059000 79.778 42.323 5.054 101594.084
0.060000 79.778 42.317 5.054 101595.193
0.061000 79.778 42.311 5.054 101596.373
0.062000 79.778 42.305 5.054 101597.643
0.063000 79.778 42.298 5.054 101598.985
0.064000 79.778 42.292 5.054 101600.340
0.065000 79.778 42.286 5.054 101601.641
0.066000 79.778 42.279 5.054 101602.857
0.067000 79.778 42.272 5.054 101604.004
0.068000 79.778 42.265 5.054 101605.119
0.069000 79.778 42.259 5.054 101606.232
0.070000 79.778 42.252 5.054 101607.372
0.071000 79.773 42.244 5.017 101608.551
0.072000 79.773 42.237 5.017 101609.779
0.073000 79.773 42.230 5.017 101611.079
0.074000 79.773 42.223 5.017 101612.470
0.075000 79.773 42.215 5.017 101613.928
0.076000 79.773 42.207 5.017 101615.376
0.077000 79.773 42.200 5.017 101616.723
0.078000 79.773 42.192 5.017 101617.909
0.079000 79.773 42.184 5.017 101618.940
0.080000 79.773 42.176 5.017 101619.880
0.081000 79.773 42.168 5.017 101620.798
0.082000 79.773 42.160 5.017 101621.763
0.083000 79.773 42.151 5.017 101622.808
0.084000 79.773 42.143 5.017 101623.933
0.085000 79.773 42.135 5.017 101625.121
0.086000 79.773 42.126 5.017 101626.346
0.087000 79.773 42.117 5.017 101627.596
0.088000 79.773 42.108 5.017 101628.866
0.089000 79.773 42.100 5.017 101630.170
0.090000 79.773 42.091 5.017 101631.540
0.091000 79.773 42.081 5.017 101633.008
0.092000 79.773 42.072 5.017 101634.575
0.093000 79.773 42.063 5.017 101636.196
0.094000 79.773 42.054 5.017 101637.801
0.095000 79.773 42.044 5.017 101639.335
0.096000 79.773 42.034 5.017 101640.782
0.097000 79.773 42.025 5.017 101642.157
0.098000 79.773 42.015 5.017 101643.492
0.099000 79.773 42.005 5.017 101644.825
0.100000 79.773 41.995 5.017 101646.189
0.101000 79.773 41.985 5.017 101635.249
0.102000 79.773 41.975 5.017 101630.784
0.103000 79.773 41.965 5.017 101629.477
0.104000 79.773 41.955 5.017 101629.215
0.105000 79.773 41.945 5.017 101629.214
0.106000 79.773 41.935 5.017 101629.311
0.107000 79.773 41.925 5.017 101629.505
0.108000 79.773 41.915 5.017 101629.777
0.109000 79.773 41.905 5.017 101630.035
0.110000 79.773 41.895 5.017 101630.183
0.111000 79.773 41.885 5.017 101630.165
0.112000 79.773 41.875 5.017 101630.014
0.113000 79.773 41.865 5.017 101629.822
0.114000 79.773 41.855 5.017 101629.667
0.115000 79.773 41.845 5.017 101629.565
0.116000 79.773 41.835 5.017 101629.477
0.117000 79.773 41.825 5.017 101629.346
0.118000 79.773 41.815 5.017 101629.147
0.119000 79.773 41.805 5.017 101628.899
0.120000 79.773 41.795 5.017 101628.650
0.121000 79.773 41.785 5.017 101628.433
0.122000 79.773 41.775 5.017 101628.260
0.123000 79.773 41.765 5.017 101628.124
0.124000 79.773 41.755 5.017 101628.025
0.125000 79.773 41.745 5.017 101627.965
0.126000 79.773 41.735 5.017 101627.940
0.127000 79.773 41.725 5.017 101627.933
0.128000 79.773 41.715 5.017 101627.931
0.129000 79.773 41.705 5.017 101627.939
0.130000 79.773 41.695 5.017 101627.978
0.131000 79.773 41.685 5.017 101628.069
0.132000 79.773 41.675 5.017 101628.236
0.133000 79.773 41.665 5.017 101628.501
0.134000 79.773 41.655 5.017 101628.867
0.135000 79.773 41.645 5.017 101629.319
0.136000 79.773 41.635 5.017 101629.825
0.137000 79.773 41.625 5.017 101630.339
0.138000 79.773 41.615 5.017 101630.787
0.139000 79.773 41.605 5.017 101631.081
0.140000 79.773 41.595 5.017 101631.156
0.141000 79.773 41.585 5.017 101631.010
0.142000 79.773 41.575 5.017 101630.714
0.143000 79.773 41.565 5.017 101630.381
0.144000 79.773 41.555 5.017 101630.102
0.145000 79.773 41.545 5.017 101629.921
0.146000 79.773 41.535 5.017 101629.828
0.147000 79.773 41.525 5.017 101629.797
0.148000 79.773 41.515 5.017 101629.819
0.149000 79.773 41.505 5.017 101629.908
0.150000 79.773 41.495 5.017 101630.074
0.151000 79.773 41.485 5.017 101630.959
0.152000 79.773 41.475 5.017 101631.963
0.153000 79.773 41.465 5.017 101632.778
0.154000 79.773 41.455 5.017 101633.448
0.155000 79.773 41.445 5.017 101634.089
0.156000 79.773 41.435 5.017 101634.740
0.157000 79.773 41.425 5.017 101635.377
0.158000 79.773 41.415 5.017 101635.977
0.159000 79.773 41.405 5.017 101636.537
0.160000 79.773 41.395 5.017 101637.071
0.161000 79.773 41.384 5.017 101637.581
0.162000 79.773 41.374 5.017 101638.061
0.163000 79.773 41.364 5.017 101638.513
0.164000 79.773 41.354 5.017 101638.964
0.165000 79.773 41.344 5.017 101639.459
0.166000 79.773 41.334 5.017 101640.026
0.167000 79.773 41.324 5.017 101640.642
0.168000 79.773 41.313 5.017 101641.216
0.169000 79.773 41.303 5.017 101641.667
0.170000 79.773 41.293 5.017 101641.997
0.171000 79.773 41.283 5.017 101642.302
0.172000 79.773 41.273 5.017 101642.700
0.173000 79.773 41.262 5.017 101643.278
0.174000 79.773 41.252 5.017 101644.088
0.175000 79.773 41.242 5.017 101645.128
0.176000 79.773 41.232 5.017 101646.293
0.177000 79.773 41.221 5.017 101647.395
0.178000 79.773 41.211 5.017 101648.246
0.179000 79.773 41.201 5.017 101648.748
0.180000 79.773 41.191 5.017 101648.909
0.181000 79.773 41.180 5.017 101648.825
0.182000 79.773 41.170 5.017 101648.635
0.183000 79.773 41.160 5.017 101648.449
0.184000 79.773 41.149 5.017 101648.327
0.185000 79.773 41.139 5.017 101648.290
0.186000 79.773 41.129 5.017 101648.364
0.187000 79.773 41.118 5.017 101648.587
0.188000 79.773 41.108 5.017 101648.967
0.189000 79.773 41.098 5.017 101649.449
0.190000 79.773 41.087 5.017 101649.887
0.191000 79.773 41.077 5.017 101650.117
0.192000 79.773 41.066 5.017 101650.077
0.193000 79.773 41.056 5.017 101649.880
0.194000 79.773 41.046 5.017 101649.794
0.195000 79.773 41.035 5.017 101650.117
0.196000 79.773 41.025 5.017 101651.054
0.197000 79.773 41.014 5.017 101652.603
0.198000 79.773 41.004 5.017 101654.541
0.199000 79.773 40.993 5.017 101656.526
0.200000 79.773 40.983 5.017 101658.245
0.201000 79.773 40.972 5.017 101659.495
0.202000 79.773 40.962 5.017 101660.193
0.203000 79.773 40.951 5.017 101660.326
0.204000 79.773 40.941 5.017 101659.950
0.205000 79.773 40.930 5.017 101659.202
0.206000 79.773 40.920 5.017 101658.284
0.207000 79.773 40.909 5.017 101657.405
0.208000 79.773 40.899 5.017 101656.720
0.209000 79.773 40.888 5.017 101656.298
0.210000 79.773 40.877 5.017 101656.135
0.211000 79.773 40.867 5.017 101656.158
0.212000 79.773 40.856 5.017 101656.241
0.213000 79.773 40.846 5.017 101656.267
0.214000 79.773 40.835 5.017 101656.196
0.215000 79.773 40.824 5.017 101656.091
0.216000 79.773 40.814 5.017 101656.030
0.217000 79.773 40.803 5.017 101656.025
0.218000 79.773 40.792 5.017 101656.015
0.219000 79.773 40.782 5.017 101656.019
0.220000 79.773 40.771 5.017 101656.222
0.221000 79.773 40.760 5.017 101656.899
0.222000 79.773 40.750 5.017 101658.236
0.223000 79.773 40.739 5.017 101660.114
0.224000 79.773 40.728 5.017 101662.123
0.225000 79.773 40.717 5.017 101663.751
0.226000 79.773 40.707 5.017 101664.658
0.227000 79.773 40.696 5.017 101664.831
0.228000 79.773 40.685 5.017 101664.532
0.229000 79.773 40.674 5.017 101664.087
0.230000 79.773 40.664 5.017 101663.676
0.231000 79.773 40.653 5.017 101663.293
0.232000 79.773 40.642 5.017 101662.856
0.233000 79.773 40.631 5.017 101662.339
0.234000 79.773 40.620 5.017 101661.814
0.235000 79.773 40.610 5.017 101661.384
0.236000 79.773 40.599 5.017 101661.083
0.237000 79.773 40.588 5.017 101660.836
0.238000 79.773 40.577 5.017 101660.489
0.239000 79.773 40.566 5.017 101659.933
0.240000 79.773 40.555 5.017 101659.238
0.241000 79.773 40.545 5.017 101658.689
0.242000 79.773 40.534 5.017 101658.665
0.243000 79.773 40.523 5.017 101659.403
0.244000 79.773 40.512 5.017 101660.842
0.245000 79.773 40.501 5.017 101662.653
0.246000 79.773 40.490 5.017 101664.451
0.247000 79.773 40.479 5.017 101666.008
0.248000 79.773 40.468 5.017 101667.318
0.249000 79.773 40.457 5.017 101668.488
0.250000 79.773 40.446 5.017 101669.542
0.251000 79.773 40.435 5.017 101670.333
0.252000 79.773 40.424 5.017 101670.689
0.253000 79.773 40.413 5.017 101670.567
0.254000 79.773 40.402 5.017 101670.173
0.255000 79.773 40.391 5.017 101669.854
0.256000 79.773 40.380 5.017 101669.820
0.257000 79.773 40.369 5.017 101669.950
0.258000 79.773 40.358 5.017 101669.908
0.259000 79.773 40.347 5.017 101669.457
0.260000 79.773 40.336 5.017 101668.605
0.261000 79.773 40.325 5.017 101667.613
0.262000 79.773 40.314 5.017 101666.788
0.263000 79.773 40.303 5.017 101666.357
0.264000 79.773 40.291 5.017 101666.378
0.265000 79.773 40.280 5.017 101666.793
0.266000 79.773 40.269 5.017 101667.506
0.267000 79.773 40.258 5.017 101668.473
0.268000 79.773 40.247 5.017 101669.710
0.269000 79.773 40.236 5.017 101671.195
0.270000 79.773 40.225 5.017 101672.782
0.271000 79.773 40.213 5.017 101674.168
0.272000 79.773 40.202 5.017 101675.062
0.273000 79.773 40.191 5.017 101675.391
0.274000 79.773 40.180 5.017 101675.347
0.275000 79.773 40.169 5.017 101675.212
0.276000 79.773 40.157 5.017 101675.123
0.277000 79.773 40.146 5.017 101675.017
0.278000 79.773 40.135 5.017 101674.765
0.279000 79.773 40.124 5.017 101674.351
0.280000 79.773 40.112 5.017 101673.965
0.281000 79.773 40.101 5.017 101673.894
0.282000 79.773 40.090 5.017 101674.325
0.283000 79.773 40.079 5.017 101675.063
0.284000 79.773 40.067 5.017 101675.661
0.285000 79.773 40.056 5.017 101675.730
0.286000 79.773 40.045 5.017 101675.251
0.287000 79.773 40.033 5.017 101674.547
0.288000 79.773 40.022 5.017 101674.078
0.289000 79.773 40.011 5.017 101674.183
0.290000 79.773 39.999 5.017 101674.897
0.291000 79.773 39.988 5.017 101676.005
0.292000 79.773 39.976 5.017 101677.231
0.293000 79.773 39.965 5.017 101678.424
0.294000 79.773 39.954 5.017 101679.480
0.295000 79.773 39.942 5.017 101680.249
0.296000 79.773 39.931 5.017 101680.613
0.297000 79.773 39.919 5.017 101680.567
0.298000 79.773 39.908 5.017 101680.264
0.299000 79.773 39.896 5.017 101679.950
0.300000 80.147 39.885 4.828 101680.215
0.301000 80.147 39.874 4.828 101680.603
0.302000 80.147 39.862 4.828 101680.761
0.303000 80.147 39.851 4.828 101680.873
0.304000 80.147 39.839 4.828 101680.913
0.305000 80.147 39.828 4.828 101680.775
0.306000 80.147 39.816 4.828 101680.473
0.307000 80.147 39.805 4.828 101680.248
0.308000 80.147 39.793 4.828 101680.420
0.309000 80.147 39.781 4.828 101681.102
0.310000 80.147 39.770 4.828 101682.194
0.311000 80.147 39.758 4.828 101683.568
0.312000 80.147 39.747 4.828 101684.856
0.313000 80.147 39.735 4.828 101685.747
0.314000 80.147 39.724 4.828 101686.360
0.315000 80.147 39.712 4.828 101687.251
0.316000 80.147 39.700 4.828 101688.939
0.317000 80.147 39.689 4.828 101691.366
0.318000 80.147 39.677 4.828 101694.176
0.319000 80.147 39.665 4.828 101697.015
0.320000 80.147 39.654 4.828 101699.251
0.321000 80.147 39.642 4.828 101700.631
0.322000 80.147 39.630 4.828 101701.593
0.323000 80.147 39.619 4.828 101702.688
0.324000 80.147 39.607 4.828 101703.720
0.325000 80.147 39.595 4.828 101704.331
0.326000 80.147 39.584 4.828 101704.589
0.327000 80.147 39.572 4.828 101704.705
0.328000 80.147 39.560 4.828 101705.320
0.329000 80.147 39.548 4.828 101707.253
0.330000 80.147 39.537 4.828 101709.901
0.331000 80.147 39.525 4.828 101712.125
0.332000 80.147 39.513 4.828 101713.552
0.333000 80.147 39.501 4.828 101714.319
0.334000 80.147 39.489 4.828 101715.705
0.335000 80.147 39.478 4.828 101719.046
0.336000 80.147 39.466 4.828 101723.245
0.337000 80.147 39.454 4.828 101727.254
0.338000 80.147 39.442 4.828 101730.271
0.339000 80.147 39.430 4.828 101733.420
0.340000 80.147 39.419 4.828 101738.628
0.341000 80.147 39.407 4.828 101744.390
0.342000 80.147 39.395 4.828 101749.224
0.343000 80.147 39.383 4.828 101752.658
0.344000 80.147 39.371 4.828 101757.610
0.345000 80.147 39.359 4.828 101764.896
0.346000 80.147 39.347 4.828 101771.972
0.347000 80.147 39.335 4.828 101776.996
0.348000 79.988 39.323 4.999 101784.154
0.349000 79.988 39.311 4.999 101796.693
0.350000 79.988 39.299 4.999 101810.601
0.351000 79.988 39.287 4.999 101819.275
0.352000 79.988 39.276 4.999 101833.902
0.353000 79.988 39.264 4.999 101854.353
0.354000 79.988 39.252 4.999 101871.967
0.355000 79.988 39.240 4.999 101892.479
0.356000 79.988 39.228 4.999 101924.162
0.357000 79.988 39.216 4.999 101952.993
0.358000 79.988 39.204 4.999 101986.098
0.359000 79.988 39.191 4.999 102035.351
0.360000 79.988 39.179 4.999 102079.789
0.361000 79.988 39.167 4.999 102144.835
0.362000 79.988 39.155 4.999 102221.873
0.363000 79.988 39.143 4.999 102306.717
0.364000 79.988 39.131 4.999 102435.433
0.365000 79.988 39.119 4.999 102573.321
0.366000 79.988 39.107 4.999 102784.688
0.367000 79.988 39.095 4.999 103029.929
0.368000 79.988 39.083 4.999 103400.665
0.369000 79.988 39.071 4.999 103937.772
0.370000 79.988 39.058 4.999 104688.698
0.371000 79.988 39.046 4.999 106048.214
0.372000 79.943 39.034 5.000 108479.855
0.373000 79.917 39.022 5.016 113334.528
0.374000 79.885 39.010 5.016 126373.371
0.375000 79.817 38.998 5.047 169714.980
0.376000 79.879 38.985 5.047 245705.250
0.377000 79.885 38.973 5.016 350378.228
0.378000 79.943 38.961 5.000 479695.676
0.379000 79.988 38.949 4.999 594935.706
0.380000 80.040 38.937 4.998 580033.613
0.381000 80.070 38.925 5.025 445238.343
0.382000 80.174 38.913 4.855 358036.785
0.383000 80.174 38.901 4.855 320108.389
0.384000 80.174 38.889 4.855 293728.683
0.385000 80.174 38.877 4.855 275554.576
0.386000 80.174 38.865 4.855 262389.676
0.387000 80.147 38.853 4.828 252563.386
0.388000 80.147 38.841 4.828 245063.066
0.389000 80.147 38.829 4.828 239178.158
0.390000 80.147 38.817 4.828 234681.177
0.391000 80.147 38.806 4.828 231255.487
0.392000 80.147 38.794 4.828 228699.567
0.393000 80.147 38.782 4.828 227002.753
0.394000 80.147 38.770 4.828 226388.514
0.395000 80.118 38.758 4.805 226530.871
0.396000 80.118 38.746 4.805 226878.471
0.397000 80.147 38.735 4.828 227261.644
0.398000 80.147 38.723 4.828 227378.039
0.399000 80.147 38.711 4.828 227063.715
0.400000 80.147 38.699 4.828 226342.161
0.401000 80.147 38.687 4.828 225402.464
0.402000 80.147 38.676 4.828 224515.360
0.403000 80.147 38.664 4.828 223611.104
0.404000 80.147 38.652 4.828 222890.489
0.405000 80.147 38.640 4.828 222407.060
0.406000 80.147 38.629 4.828 222124.895
0.407000 80.147 38.617 4.828 221874.110
0.408000 80.147 38.605 4.828 221572.791
0.409000 80.147 38.593 4.828 221108.576
0.410000 80.174 38.582 4.855 220542.730
0.411000 80.174 38.570 4.855 219978.443
0.412000 80.174 38.558 4.855 218968.758
0.413000 80.174 38.547 4.855 217259.133
0.414000 80.173 38.535 4.855 215086.911
0.415000 80.173 38.523 4.855 213255.263
0.416000 80.173 38.512 4.855 211982.951
0.417000 80.173 38.500 4.855 211217.576
0.418000 80.173 38.488 4.855 210822.516
0.419000 80.147 38.477 4.828 210792.256
0.420000 80.147 38.465 4.828 210863.193
0.421000 80.147 38.453 4.828 210862.819
0.422000 80.147 38.442 4.828 210708.181
0.423000 80.147 38.430 4.828 210393.166
0.424000 80.147 38.418 4.828 209961.778
0.425000 80.147 38.407 4.828 209473.119
0.426000 80.146 38.395 4.828 209010.499
0.427000 80.146 38.383 4.828 208612.743
0.428000 80.146 38.372 4.828 208342.146
0.429000 80.146 38.360 4.828 208155.307
0.430000 80.146 38.348 4.828 207980.830
0.431000 80.146 38.337 4.828 207796.807
0.432000 80.146 38.325 4.828 207826.557
0.433000 80.146 38.314 4.828 207811.241
0.434000 80.146 38.302 4.828 207627.102
0.435000 80.146 38.290 4.828 207313.052
0.436000 80.146 38.279 4.828 206934.096
0.437000 80.146 38.267 4.828 206577.856
0.438000 80.146 38.256 4.828 206348.250
0.439000 80.146 38.244 4.828 206120.412
0.440000 80.146 38.232 4.828 205920.297
0.441000 80.146 38.221 4.828 205728.953
0.442000 80.146 38.209 4.828 205595.071
0.443000 80.146 38.198 4.828 205512.296
0.444000 80.146 38.186 4.828 205453.692
0.445000 80.146 38.175 4.828 205362.990
0.446000 80.146 38.163 4.828 205305.528
0.447000 80.146 38.152 4.828 205213.393
0.448000 80.146 38.140 4.828 205159.482
0.449000 80.146 38.129 4.828 205030.156
0.450000 80.146 38.117 4.828 204873.103
0.451000 80.146 38.105 4.828 204874.276
0.452000 80.146 38.094 4.828 204788.829
0.453000 80.146 38.082 4.828 204651.540
0.454000 80.146 38.071 4.828 204531.050
0.455000 80.146 38.059 4.828 204447.578
0.456000 80.146 38.048 4.828 204776.547
0.457000 80.146 38.036 4.828 204829.459
0.458000 80.146 38.025 4.828 204777.002
0.459000 80.146 38.013 4.828 204700.346
0.460000 80.146 38.002 4.828 204630.516
0.461000 80.146 37.990 4.828 204653.056
0.462000 80.146 37.979 4.828 204555.949
0.463000 80.146 37.967 4.828 204486.345
0.464000 80.146 37.956 4.828 204358.008
0.465000 80.146 37.944 4.828 204246.062
0.466000 80.146 37.933 4.828 204142.332
0.467000 80.146 37.922 4.828 204064.920
0.468000 80.145 37.910 4.828 203958.560
0.469000 80.145 37.899 4.828 203955.919
0.470000 80.145 37.887 4.828 203999.718
0.471000 80.145 37.876 4.828 204126.211
0.472000 80.145 37.864 4.828 204149.175
0.473000 80.145 37.853 4.828 204133.813
0.474000 80.145 37.841 4.828 204235.532
0.475000 80.145 37.830 4.828 204413.211
0.476000 80.145 37.819 4.828 204405.687
0.477000 80.145 37.807 4.828 204388.091
0.478000 80.145 37.796 4.828 204307.722
0.479000 80.145 37.784 4.828 204209.732
0.480000 80.145 37.773 4.828 204186.317
0.481000 80.145 37.762 4.828 204703.859
0.482000 80.145 37.750 4.828 204696.999
0.483000 80.145 37.739 4.828 204644.051
0.484000 80.145 37.727 4.828 204575.997
0.485000 80.145 37.716 4.828 204663.742
0.486000 80.145 37.705 4.828 204539.249
0.487000 80.145 37.693 4.828 204507.431
0.488000 80.145 37.682 4.828 204418.753
0.489000 80.145 37.670 4.828 204374.575
0.490000 80.145 37.659 4.828 204318.853
0.491000 80.145 37.648 4.828 204287.916
0.492000 80.145 37.636 4.828 204211.782
0.493000 80.145 37.625 4.828 204214.120
0.494000 80.145 37.614 4.828 204351.652
0.495000 80.145 37.602 4.828 204608.818
0.496000 80.145 37.591 4.828 204644.177
0.497000 80.145 37.580 4.828 204650.077
0.498000 80.145 37.568 4.828 204830.687
0.499000 80.145 37.557 4.828 205151.129
0.500000 80.145 37.546 4.828 205193.690
0.501000 80.145 37.534 4.828 205126.830
0.502000 80.145 37.523 4.828 205123.208
0.503000 80.145 37.512 4.828 205143.511
0.504000 80.145 37.500 4.828 205110.488
0.505000 80.145 37.489 4.828 205134.526
0.506000 80.145 37.478 4.828 205304.667
0.507000 80.145 37.466 4.828 205871.633
0.508000 80.145 37.455 4.828 205908.783
0.509000 80.145 37.444 4.828 205856.869
0.510000 80.145 37.433 4.828 205913.697
0.511000 80.145 37.421 4.828 205876.616
0.512000 80.145 37.410 4.828 205725.956
0.513000 80.145 37.399 4.828 205663.866
0.514000 80.145 37.388 4.828 205658.482
0.515000 80.145 37.376 4.828 205671.364
0.516000 80.145 37.365 4.828 205636.044
0.517000 80.145 37.354 4.828 205631.267
0.518000 80.145 37.342 4.828 205674.813
0.519000 80.145 37.331 4.828 205837.959
0.520000 80.145 37.320 4.828 206209.012
0.521000 80.145 37.309 4.828 206279.956
0.522000 80.145 37.298 4.828 206446.008
0.523000 80.145 37.286 4.828 206526.049
0.524000 80.145 37.275 4.828 206777.882
0.525000 80.145 37.264 4.828 206673.614
0.526000 80.145 37.253 4.828 206648.457
0.527000 80.145 37.241 4.828 206610.335
0.528000 80.145 37.230 4.828 206637.848
0.529000 80.145 37.219 4.828 206616.793
0.530000 80.145 37.208 4.828 206586.737
0.531000 80.145 37.197 4.828 206572.400
0.532000 80.145 37.185 4.828 206633.802
0.533000 80.145 37.174 4.828 207481.620
0.534000 80.145 37.163 4.828 207477.195
0.535000 80.145 37.152 4.828 207360.747
0.536000 80.145 37.141 4.828 207482.770
0.537000 80.145 37.130 4.828 207332.849
0.538000 80.145 37.118 4.828 207210.666
0.539000 80.145 37.107 4.828 207236.518
0.540000 80.145 37.096 4.828 207266.051
0.541000 80.145 37.085 4.828 207232.707
0.542000 80.145 37.074 4.828 207254.402
0.543000 80.145 37.063 4.828 207231.031
0.544000 80.145 37.052 4.828 207275.430
0.545000 80.145 37.040 4.828 207771.925
0.546000 80.145 37.029 4.828 207877.711
0.547000 80.145 37.018 4.828 208097.847
0.548000 80.145 37.007 4.828 208116.033
0.549000 80.145 36.996 4.828 208263.653
0.550000 80.145 36.985 4.828 208248.497
0.551000 80.145 36.974 4.828 208184.941
0.552000 80.145 36.963 4.828 208194.863
0.553000 80.145 36.952 4.828 208133.242
0.554000 80.145 36.940 4.828 208151.390
0.555000 80.145 36.929 4.828 208186.449
0.556000 80.144 36.918 4.828 208118.523
0.557000 80.144 36.907 4.828 208108.007
0.558000 80.144 36.896 4.828 208198.118
0.559000 80.144 36.885 4.828 208186.247
0.560000 80.144 36.874 4.828 209126.448
0.561000 80.144 36.863 4.828 209041.007
0.562000 80.144 36.852 4.828 209092.850
0.563000 80.144 36.841 4.828 208948.749
0.564000 80.144 36.830 4.828 208862.463
0.565000 80.144 36.819 4.828 208772.032
0.566000 80.144 36.808 4.828 208765.801
0.567000 80.144 36.797 4.828 208659.284
0.568000 80.144 36.786 4.828 208707.766
0.569000 80.144 36.775 4.828 208669.711
0.570000 80.144 36.764 4.828 208673.958
0.571000 80.144 36.753 4.828 208993.158
0.572000 80.144 36.742 4.828 209485.836
0.573000 80.144 36.731 4.828 209558.352
0.574000 80.144 36.720 4.828 209420.783
0.575000 80.144 36.709 4.828 209352.298
0.576000 80.143 36.698 4.828 209654.099
0.577000 80.143 36.687 4.828 209602.939
0.578000 80.143 36.676 4.828 209645.092
0.579000 80.143 36.665 4.828 209583.475
0.580000 80.143 36.654 4.828 209534.894
0.581000 80.143 36.643 4.828 209570.488
0.582000 80.143 36.632 4.828 209526.095
0.583000 80.143 36.621 4.828 209436.553
0.584000 80.142 36.610 4.828 209431.754
0.585000 80.142 36.599 4.828 209437.713
0.586000 80.142 36.588 4.828 209441.854
0.587000 80.142 36.577 4.828 209488.631
0.588000 80.142 36.566 4.828 210522.928
0.589000 80.142 36.555 4.828 210578.865
0.590000 80.141 36.544 4.828 210369.622
0.591000 80.141 36.533 4.828 210154.796
0.592000 80.141 36.523 4.828 210087.650
0.593000 80.141 36.512 4.828 210102.147
0.594000 80.141 36.501 4.828 210086.896
0.595000 80.140 36.490 4.828 210054.632
0.596000 80.140 36.479 4.828 209985.011
0.597000 80.140 36.468 4.828 209889.403
0.598000 80.140 36.457 4.828 210547.113
0.599000 80.139 36.446 4.828 210657.920
0.600000 80.139 36.435 4.828 210989.663
0.601000 80.139 36.425 4.828 211015.439
0.602000 80.138 36.414 4.828 211061.472
0.603000 80.138 36.403 4.828 211324.013
0.604000 80.138 36.392 4.828 211148.997
0.605000 80.137 36.381 4.828 211188.022
0.606000 80.137 36.370 4.828 211115.655
0.607000 80.137 36.359 4.828 211108.899
0.608000 80.136 36.349 4.828 211211.427
0.609000 80.136 36.338 4.828 211177.154
0.610000 80.135 36.327 4.828 211026.933
0.611000 80.135 36.316 4.828 211006.194
0.612000 80.135 36.305 4.828 211193.228
0.613000 80.134 36.294 4.828 211222.758
0.614000 80.134 36.284 4.828 211260.843
0.615000 80.133 36.273 4.828 211303.544
0.616000 80.133 36.262 4.828 212253.908
0.617000 80.132 36.251 4.828 212320.935
0.618000 80.132 36.241 4.828 212180.035
0.619000 80.131 36.230 4.828 212016.166
0.620000 80.131 36.219 4.828 212014.348
0.621000 80.130 36.208 4.828 212046.409
0.622000 80.130 36.197 4.828 212028.926
0.623000 80.129 36.187 4.828 212072.362
0.624000 80.128 36.176 4.828 212291.485
0.625000 80.128 36.165 4.828 212540.753
0.626000 80.127 36.154 4.828 213048.968
0.627000 80.127 36.144 4.828 213498.683
0.628000 80.126 36.133 4.828 213606.839
0.629000 80.125 36.122 4.828 213716.501
0.630000 80.125 36.112 4.828 213625.358
0.631000 80.124 36.101 4.828 213859.267
0.632000 80.123 36.090 4.828 213983.692
0.633000 80.123 36.079 4.828 213968.658
0.634000 80.122 36.069 4.828 214109.486
0.635000 80.121 36.058 4.828 214114.473
0.636000 80.121 36.047 4.828 214181.664
0.637000 80.120 36.037 4.828 214241.516
0.638000 80.119 36.026 4.828 214366.010
0.639000 80.118 36.015 4.828 214595.031
0.640000 80.118 36.005 4.828 214662.792
0.641000 80.117 35.994 4.828 214826.762
0.642000 80.116 35.983 4.828 214951.633
0.643000 80.115 35.973 4.828 215046.271
0.644000 80.115 35.962 4.828 215345.725
0.645000 80.114 35.951 4.828 215785.644
0.646000 80.113 35.941 4.828 216261.529
0.647000 80.112 35.930 4.828 216729.649
0.648000 80.112 35.920 4.828 216981.332
0.649000 80.111 35.909 4.828 217149.683
0.650000 80.110 35.898 4.828 217413.174
0.651000 80.109 35.888 4.828 217850.269
0.652000 80.108 35.877 4.828 218355.233
0.653000 80.108 35.867 4.828 218787.841
0.654000 80.107 35.856 4.828 219229.181
0.655000 80.106 35.845 4.828 219599.747
0.656000 80.105 35.835 4.828 219494.137
0.657000 80.105 35.824 4.828 219583.473
0.658000 80.104 35.814 4.828 219108.039
0.659000 80.103 35.803 4.828 218834.284
0.660000 80.103 35.793 4.828 218367.471
0.661000 80.102 35.782 4.828 218117.628
0.662000 80.101 35.772 4.828 217609.588
0.663000 80.101 35.761 4.828 217012.545
0.664000 80.100 35.751 4.828 216453.834
0.665000 80.099 35.740 4.828 216028.538
0.666000 80.099 35.730 4.828 215534.639
0.667000 80.098 35.719 4.828 215088.314
0.668000 80.097 35.709 4.828 214782.311
0.669000 80.097 35.698 4.828 214555.915
0.670000 80.096 35.688 4.828 214418.815
0.671000 80.095 35.677 4.828 214182.697
0.672000 80.094 35.667 4.828 214043.354
0.673000 80.094 35.657 4.828 214169.170
0.674000 80.093 35.646 4.828 214318.940
0.675000 80.092 35.636 4.828 214336.132
0.676000 80.092 35.625 4.828 214492.677
0.677000 80.091 35.615 4.828 214959.220
0.678000 80.090 35.605 4.828 215374.952
0.679000 80.089 35.594 4.828 215762.692
0.680000 80.089 35.584 4.828 215882.912
0.681000 80.088 35.573 4.828 216281.140
0.682000 80.087 35.563 4.828 216461.893
0.683000 80.087 35.553 4.828 216895.036
0.684000 80.086 35.542 4.828 217253.463
0.685000 80.085 35.532 4.828 217484.917
0.686000 80.084 35.522 4.828 217691.176
0.687000 80.084 35.511 4.828 217686.931
0.688000 80.083 35.501 4.828 217963.333
0.689000 80.082 35.491 4.828 218012.312
0.690000 80.081 35.480 4.828 218195.485
0.691000 80.081 35.470 4.828 218318.197
0.692000 80.080 35.460 4.828 218229.331
0.693000 80.079 35.449 4.828 218023.396
0.694000 80.079 35.439 4.828 217726.381
0.695000 80.078 35.429 4.828 217621.783
0.696000 80.077 35.418 4.828 217411.173
0.697000 80.076 35.408 4.828 217304.023
0.698000 80.076 35.398 4.828 217194.013
0.699000 80.075 35.388 4.828 217046.638
0.700000 80.074 35.377 4.828 216843.560
0.701000 80.074 35.367 4.828 216710.147
0.702000 80.073 35.357 4.828 216473.692
0.703000 80.072 35.347 4.828 216326.051
0.704000 80.072 35.336 4.828 216199.358
0.705000 80.071 35.326 4.828 216163.306
0.706000 80.070 35.316 4.828 216222.582
0.707000 80.069 35.306 4.828 216212.527
0.708000 80.069 35.296 4.828 216267.324
0.709000 80.068 35.285 4.828 216471.409
0.710000 80.067 35.275 4.828 216745.307
0.711000 80.067 35.265 4.828 217316.900
0.712000 80.066 35.255 4.828 217183.158
0.713000 80.065 35.245 4.828 217392.187
0.714000 80.064 35.235 4.828 217407.971
0.715000 80.064 35.224 4.828 217391.825
0.716000 80.063 35.214 4.828 217412.656
0.717000 80.062 35.204 4.828 217534.670
0.718000 80.061 35.194 4.828 217542.783
0.719000 80.061 35.184 4.828 217728.341
0.720000 80.060 35.174 4.828 217648.479
0.721000 80.059 35.164 4.828 217878.477
0.722000 80.058 35.154 4.828 218100.365
0.723000 80.058 35.143 4.828 218123.051
0.724000 80.057 35.133 4.828 218230.579
0.725000 80.056 35.123 4.828 218403.408
0.726000 80.056 35.113 4.828 218262.431
0.727000 80.055 35.103 4.828 218355.606
0.728000 80.054 35.093 4.828 218111.742
0.729000 80.053 35.083 4.828 218217.785
0.730000 80.053 35.073 4.828 218083.971
0.731000 80.052 35.063 4.828 217900.668
0.732000 80.051 35.053 4.828 217763.011
0.733000 80.050 35.043 4.828 217696.538
0.734000 80.050 35.033 4.828 217632.981
0.735000 80.049 35.023 4.828 217564.505
0.736000 80.048 35.013 4.828 217405.192
0.737000 80.048 35.003 4.828 217473.543
0.738000 80.047 34.993 4.828 217377.966
0.739000 80.046 34.983 4.828 217311.052
0.740000 80.045 34.973 4.828 217315.532
0.741000 80.045 34.963 4.828 217469.553
0.742000 80.044 34.953 4.828 217542.543
0.743000 80.043 34.943 4.828 217799.774
0.744000 80.042 34.933 4.828 217825.393
0.745000 80.042 34.923 4.828 218125.622
0.746000 80.041 34.913 4.828 217974.410
0.747000 80.040 34.903 4.828 217841.237
0.748000 80.040 34.893 4.828 217735.724
0.749000 80.039 34.884 4.828 217900.870
0.750000 80.038 34.874 4.828 217760.771
0.751000 80.037 34.864 4.828 217901.800
0.752000 80.037 34.854 4.828 218048.698
0.753000 80.036 34.844 4.828 218107.312
0.754000 80.035 34.834 4.828 218176.359
0.755000 80.034 34.824 4.828 218271.160
0.756000 80.034 34.814 4.828 218427.655
0.757000 80.033 34.805 4.828 218369.472
0.758000 80.032 34.795 4.828 218434.420
0.759000 80.031 34.785 4.828 218445.175
0.760000 80.031 34.775 4.828 218423.129
0.761000 80.030 34.765 4.828 218335.961
0.762000 80.029 34.755 4.828 218265.621
0.763000 80.028 34.746 4.828 218197.201
0.764000 80.028 34.736 4.828 218248.522
0.765000 80.027 34.726 4.828 218288.121
0.766000 80.026 34.716 4.828 218282.332
0.767000 80.025 34.707 4.828 218290.952
0.768000 80.025 34.697 4.828 218066.090
0.769000 80.024 34.687 4.828 218257.225
0.770000 80.023 34.677 4.828 218282.864
0.771000 80.022 34.667 4.828 217902.157
0.772000 80.022 34.658 4.828 218026.773
0.773000 80.021 34.648 4.828 217997.615
0.774000 80.020 34.638 4.828 218200.996
0.775000 80.019 34.629 4.828 218171.428
0.776000 80.019 34.619 4.828 218356.161
0.777000 80.018 34.609 4.828 218301.669
0.778000 80.017 34.599 4.828 218558.498
0.779000 80.016 34.590 4.828 218666.694
0.780000 80.016 34.580 4.828 218698.531
0.781000 80.015 34.570 4.828 218979.360
0.782000 80.014 34.561 4.828 218981.915
0.783000 80.013 34.551 4.828 219006.632
0.784000 80.013 34.541 4.828 219108.519
0.785000 80.012 34.532 4.828 219085.654
0.786000 80.011 34.522 4.828 219038.734
0.787000 80.010 34.513 4.828 218992.862
0.788000 80.010 34.503 4.828 218965.679
0.789000 80.009 34.493 4.828 219189.203
0.790000 80.008 34.484 4.828 219262.001
0.791000 80.007 34.474 4.828 219207.485
0.792000 80.006 34.465 4.828 219203.229
0.793000 80.006 34.455 4.828 219140.227
0.794000 80.005 34.445 4.828 219045.776
0.795000 80.004 34.436 4.828 219095.824
0.796000 80.003 34.426 4.828 219049.366
0.797000 80.003 34.417 4.828 219051.838
0.798000 80.002 34.407 4.828 219068.518
0.799000 80.001 34.398 4.828 219002.369
0.800000 80.000 34.388 4.828 218768.142
0.801000 80.000 34.379 4.828 218677.847
0.802000 79.999 34.369 4.828 218548.526
0.803000 79.998 34.360 4.828 218673.909
0.804000 79.997 34.350 4.828 218577.241
0.805000 79.997 34.341 4.828 218655.082
0.806000 79.996 34.331 4.828 218728.698
0.807000 79.995 34.322 4.828 218784.119
0.808000 79.994 34.312 4.828 218828.804
0.809000 79.994 34.303 4.828 218802.045
0.810000 79.993 34.293 4.828 218758.324
0.811000 79.992 34.284 4.828 218958.622
0.812000 79.991 34.274 4.828 219183.236
0.813000 79.990 34.265 4.828 219184.172
0.814000 79.990 34.256 4.828 219247.543
0.815000 79.989 34.246 4.828 219447.184
0.816000 79.988 34.237 4.828 219561.220
0.817000 79.987 34.227 4.828 219612.106
0.818000 79.987 34.218 4.828 219875.859
0.819000 79.986 34.209 4.828 219756.972
0.820000 79.985 34.199 4.828 219815.261
0.821000 79.984 34.190 4.828 219782.323
0.822000 79.984 34.180 4.828 219685.116
0.823000 79.983 34.171 4.828 219629.047
0.824000 79.982 34.162 4.828 219594.532
0.825000 79.981 34.152 4.828 219569.487
0.826000 79.980 34.143 4.828 219507.665
0.827000 79.980 34.134 4.828 219458.881
0.828000 79.979 34.124 4.828 219209.995
0.829000 79.978 34.115 4.828 219164.995
0.830000 79.977 34.106 4.828 219176.572
0.831000 79.977 34.097 4.828 219054.763
0.832000 79.976 34.087 4.828 218879.219
0.833000 79.975 34.078 4.828 218909.941
0.834000 79.974 34.069 4.828 218797.999
0.835000 79.974 34.059 4.828 218835.981
0.836000 79.973 34.050 4.828 218754.254
0.837000 79.972 34.041 4.828 218775.037
0.838000 79.971 34.032 4.828 218822.493
0.839000 79.970 34.022 4.828 218850.130
0.840000 79.970 34.013 4.828 219077.009
0.841000 79.969 34.004 4.828 219064.383
0.842000 79.968 33.995 4.828 219034.776
0.843000 79.967 33.986 4.828 218994.727
0.844000 79.967 33.976 4.828 219063.045
0.845000 79.966 33.967 4.828 219027.830
0.846000 79.965 33.958 4.828 219022.871
0.847000 79.964 33.949 4.828 219176.085
0.848000 79.963 33.940 4.828 219201.378
0.849000 79.963 33.931 4.828 219150.753
0.850000 79.962 33.922 4.828 219386.637
0.851000 79.961 33.912 4.828 219505.383
0.852000 79.960 33.903 4.828 219588.369
0.853000 79.960 33.894 4.828 219646.198
0.854000 79.959 33.885 4.828 219610.012
0.855000 79.958 33.876 4.828 219765.003
0.856000 79.957 33.867 4.828 219664.555
0.857000 79.956 33.858 4.828 219551.928
0.858000 79.956 33.849 4.828 219533.719
0.859000 79.955 33.840 4.828 219295.971
0.860000 79.954 33.831 4.828 219258.857
0.861000 79.953 33.822 4.828 219012.613
0.862000 79.953 33.813 4.828 219124.284
0.863000 79.952 33.804 4.828 219106.078
0.864000 79.951 33.795 4.828 218975.749
0.865000 79.950 33.786 4.828 218977.413
0.866000 79.949 33.777 4.828 218610.687
0.867000 79.949 33.768 4.828 218769.898
0.868000 79.948 33.759 4.828 218648.757
0.869000 79.947 33.750 4.828 218445.308
0.870000 79.946 33.741 4.828 218604.076
0.871000 79.946 33.732 4.828 218445.257
0.872000 79.945 33.723 4.828 218479.780
0.873000 79.944 33.714 4.828 218619.903
0.874000 79.943 33.705 4.828 218788.427
0.875000 79.942 33.696 4.828 218627.288
0.876000 79.942 33.688 4.828 218700.830
0.877000 79.941 33.679 4.828 218802.993
0.878000 79.940 33.670 4.828 218898.402
0.879000 79.939 33.661 4.828 218756.503
0.880000 79.938 33.652 4.828 218889.139
0.881000 79.938 33.643 4.828 218808.792
0.882000 79.937 33.634 4.828 218770.439
0.883000 79.936 33.626 4.828 218768.182
0.884000 79.935 33.617 4.828 218806.827
0.885000 79.934 33.608 4.828 218808.075
0.886000 79.934 33.599 4.828 218791.399
0.887000 79.933 33.590 4.828 218755.794
0.888000 79.932 33.582 4.828 218796.383
0.889000 79.931 33.573 4.828 218676.310
0.890000 79.931 33.564 4.828 218528.998
0.891000 79.930 33.555 4.828 218370.830
0.892000 79.929 33.547 4.828 218382.065
0.893000 79.928 33.538 4.828 218433.369
0.894000 79.927 33.529 4.828 218597.442
0.895000 79.927 33.521 4.828 218195.331
0.896000 79.926 33.512 4.828 218144.938
0.897000 79.925 33.503 4.828 218262.073
0.898000 79.924 33.495 4.828 218240.124
0.899000 79.924 33.486 4.828 218256.760
0.900000 79.923 33.477 4.828 218345.799
0.901000 79.922 33.469 4.828 218315.108
0.902000 79.921 33.460 4.828 218222.782
0.903000 79.920 33.451 4.828 217992.933
0.904000 79.920 33.443 4.828 218093.522
0.905000 79.919 33.434 4.828 218214.838
0.906000 79.918 33.426 4.828 218187.449
0.907000 79.917 33.417 4.828 218084.824
0.908000 79.917 33.409 4.828 218130.885
0.909000 79.916 33.400 4.828 218313.802
0.910000 79.915 33.391 4.828 218227.807
0.911000 79.914 33.383 4.828 218307.957
0.912000 79.913 33.374 4.828 218327.092
0.913000 79.913 33.366 4.828 218468.316
0.914000 79.912 33.357 4.828 218537.684
0.915000 79.911 33.349 4.828 218356.411
0.916000 79.910 33.340 4.828 218296.598
0.917000 79.909 33.332 4.828 218121.749
0.918000 79.909 33.323 4.828 218135.970
0.919000 79.908 33.315 4.828 218129.278
0.920000 79.907 33.307 4.828 218005.512
0.921000 79.906 33.298 4.828 218154.627
0.922000 79.906 33.290 4.828 217892.980
0.923000 79.905 33.281 4.828 217738.385
0.924000 79.904 33.273 4.828 217802.459
0.925000 79.903 33.265 4.828 217564.880
0.926000 79.903 33.256 4.828 217441.290
0.927000 79.902 33.248 4.828 217401.725
0.928000 79.901 33.239 4.828 217230.757
0.929000 79.900 33.231 4.828 216981.982
0.930000 79.899 33.223 4.828 217028.709
0.931000 79.899 33.214 4.828 217076.420
0.932000 79.898 33.206 4.828 217168.419
0.933000 79.897 33.198 4.828 217326.236
0.934000 79.896 33.190 4.828 217234.803
0.935000 79.896 33.181 4.828 217218.605
0.936000 79.895 33.173 4.828 217310.401
0.937000 79.894 33.165 4.828 217299.864
0.938000 79.893 33.156 4.828 217252.335
0.939000 79.892 33.148 4.828 217357.751
0.940000 79.892 33.140 4.828 217248.330
0.941000 79.891 33.132 4.828 217045.879
0.942000 79.890 33.124 4.828 217191.351
0.943000 79.889 33.115 4.828 217345.554
0.944000 79.889 33.107 4.828 217509.749
0.945000 79.888 33.099 4.828 217579.864
0.946000 79.887 33.091 4.828 217548.215
0.947000 79.886 33.083 4.828 217550.340
0.948000 79.886 33.075 4.828 217719.794
0.949000 79.885 33.066 4.828 217667.693
0.950000 79.884 33.058 4.828 217662.020
0.951000 79.883 33.050 4.828 217609.560
0.952000 79.882 33.042 4.828 217671.616
0.953000 79.882 33.034 4.828 217475.874
0.954000 79.881 33.026 4.828 217391.946
0.955000 79.880 33.018 4.828 217235.411
0.956000 79.879 33.010 4.828 216998.978
0.957000 79.879 33.002 4.828 216812.911
0.958000 79.878 32.994 4.828 216778.090
0.959000 79.877 32.986 4.828 216775.432
0.960000 79.876 32.978 4.828 216797.890
0.961000 79.876 32.970 4.828 216682.556
0.962000 79.875 32.962 4.828 216664.824
0.963000 79.874 32.954 4.828 216559.527
0.964000 79.873 32.946 4.828 216590.549
0.965000 79.873 32.938 4.828 216761.260
0.966000 79.872 32.930 4.828 216849.864
0.967000 79.871 32.922 4.828 216708.836
0.968000 79.870 32.914 4.828 216636.635
0.969000 79.870 32.906 4.828 216608.077
0.970000 79.869 32.898 4.828 216650.991
0.971000 79.868 32.890 4.828 216698.783
0.972000 79.867 32.882 4.828 216835.163
0.973000 79.867 32.874 4.828 216965.346
0.974000 79.866 32.867 4.828 216954.447
0.975000 79.865 32.859 4.828 216991.589
0.976000 79.864 32.851 4.828 217025.789
0.977000 79.864 32.843 4.828 217008.858
0.978000 79.863 32.835 4.828 217030.569
0.979000 79.862 32.827 4.828 217093.185
0.980000 79.861 32.819 4.828 217147.189
0.981000 79.861 32.812 4.828 217205.457
0.982000 79.860 32.804 4.828 217114.066
0.983000 79.859 32.796 4.828 217191.533
0.984000 79.858 32.788 4.828 217229.653
0.985000 79.858 32.781 4.828 217368.817
0.986000 79.857 32.773 4.828 217345.768
0.987000 79.856 32.765 4.828 217274.469
0.988000 79.855 32.757 4.828 217352.458
0.989000 79.855 32.749 4.828 217321.041
0.990000 79.854 32.742 4.828 217284.267
0.991000 79.853 32.734 4.828 217273.367
0.992000 79.852 32.726 4.828 217251.214
0.993000 79.852 32.719 4.828 217191.838
0.994000 79.851 32.711 4.828 217116.375
0.995000 79.850 32.703 4.828 217156.412
0.996000 79.849 32.696 4.828 217245.486
0.997000 79.849 32.688 4.828 216898.724
0.998000 79.848 32.680 4.828 216628.437
0.999000 79.847 32.673 4.828 216771.202
1.000000 79.846 32.665 4.828 216872.565
1.001000 79.846 32.657 4.828 216817.249
1.002000 79.845 32.650 4.828 216837.003
1.003000 79.844 32.642 4.828 216927.381
1.004000 79.843 32.634 4.828 216901.863
1.005000 79.843 32.627 4.828 216937.118
1.006000 79.842 32.619 4.828 216819.432
1.007000 79.841 32.612 4.828 216851.158
1.008000 79.840 32.604 4.828 216908.470
1.009000 79.840 32.597 4.828 216873.727
1.010000 79.839 32.589 4.828 216478.975
1.011000 79.838 32.581 4.828 216512.232
1.012000 79.838 32.574 4.828 216610.757
1.013000 79.837 32.566 4.828 216936.963
1.014000 79.836 32.559 4.828 216758.845
1.015000 79.835 32.551 4.828 216769.522
1.016000 79.835 32.544 4.828 216704.761
1.017000 79.834 32.536 4.828 216831.711
1.018000 79.833 32.529 4.828 216679.364
1.019000 79.832 32.521 4.828 216514.401
1.020000 79.832 32.514 4.828 216527.714
1.021000 79.831 32.506 4.828 216544.883
1.022000 79.830 32.499 4.828 216585.216
1.023000 79.829 32.492 4.828 216726.291
1.024000 79.829 32.484 4.828 216612.461
1.025000 79.828 32.477 4.828 216630.379
1.026000 79.827 32.469 4.828 216558.157
1.027000 79.827 32.462 4.828 216421.847
1.028000 79.826 32.454 4.828 216540.552
1.029000 79.825 32.447 4.828 216524.138
1.030000 79.824 32.440 4.828 216774.252
1.031000 79.824 32.432 4.828 216857.457
1.032000 79.823 32.425 4.828 216893.391
1.033000 79.822 32.418 4.828 216818.923
1.034000 79.821 32.410 4.828 216869.282
1.035000 79.821 32.403 4.828 216861.259
1.036000 79.820 32.396 4.828 216838.073
1.037000 79.819 32.388 4.828 216871.948
1.038000 79.819 32.381 4.828 216885.634
1.039000 79.818 32.374 4.828 216766.761
1.040000 79.817 32.366 4.828 216838.936
1.041000 79.816 32.359 4.828 216834.108
1.042000 79.816 32.352 4.828 216850.001
1.043000 79.815 32.344 4.828 216907.183
1.044000 79.814 32.337 4.828 216843.476
1.045000 79.814 32.330 4.828 216890.866
1.046000 79.813 32.323 4.828 216878.181
1.047000 79.812 32.315 4.828 216831.979
1.048000 79.811 32.308 4.828 216837.869
1.049000 79.811 32.301 4.828 216734.709
1.050000 79.810 32.294 4.828 216926.452
1.051000 79.809 32.287 4.828 216941.409
1.052000 79.809 32.279 4.828 216868.239
1.053000 79.808 32.272 4.828 216882.038
1.054000 79.807 32.265 4.828 216834.158
1.055000 79.807 32.258 4.828 216776.645
1.056000 79.806 32.251 4.828 216777.888
1.057000 79.805 32.243 4.828 216862.487
1.058000 79.804 32.236 4.828 216911.094
1.059000 79.804 32.229 4.828 217050.445
1.060000 79.803 32.222 4.828 217065.121
1.061000 79.802 32.215 4.828 216998.958
1.062000 79.802 32.208 4.828 216969.477
1.063000 79.801 32.201 4.828 216954.604
1.064000 79.800 32.194 4.828 217114.835
1.065000 79.799 32.186 4.828 217192.511
1.066000 79.799 32.179 4.828 217207.561
1.067000 79.798 32.172 4.828 217134.473
1.068000 79.797 32.165 4.828 217201.930
1.069000 79.797 32.158 4.828 217232.205
1.070000 79.796 32.151 4.828 216869.932
1.071000 79.795 32.144 4.828 216963.318
1.072000 79.795 32.137 4.828 216973.709
1.073000 79.794 32.130 4.828 216960.064
1.074000 79.793 32.123 4.828 216806.006
1.075000 79.792 32.116 4.828 216764.906
1.076000 79.792 32.109 4.828 216899.600
1.077000 79.791 32.102 4.828 217045.261
1.078000 79.790 32.095 4.828 217116.077
1.079000 79.790 32.088 4.828 216981.532
1.080000 79.789 32.081 4.828 217021.078
1.081000 79.788 32.074 4.828 217027.686
1.082000 79.788 32.067 4.828 217081.884
1.083000 79.787 32.060 4.828 216952.586
1.084000 79.786 32.053 4.828 217004.354
1.085000 79.786 32.046 4.828 217035.251
1.086000 79.785 32.039 4.828 216946.866
1.087000 79.784 32.032 4.828 217240.498
1.088000 79.784 32.025 4.828 217208.415
1.089000 79.783 32.018 4.828 217015.631
1.090000 79.782 32.011 4.828 217023.589
1.091000 79.781 32.004 4.828 217165.407
1.092000 79.781 31.997 4.828 217292.517
1.093000 79.780 31.991 4.828 217372.221
1.094000 79.779 31.984 4.828 217317.730
1.095000 79.779 31.977 4.828 217310.843
1.096000 79.778 31.970 4.828 217475.304
1.097000 79.777 31.963 4.828 217326.194
1.098000 79.777 31.956 4.828 217344.368
1.099000 79.776 31.949 4.828 217314.409
1.100000 79.775 31.942 4.828 217380.513
1.101000 79.775 31.936 4.828 217393.548
1.102000 79.774 31.929 4.828 217330.991
1.103000 79.773 31.922 4.828 217056.454
1.104000 79.773 31.915 4.828 217177.114
1.105000 79.772 31.908 4.828 217298.991
1.106000 79.771 31.902 4.828 217288.638
1.107000 79.771 31.895 4.828 217504.126
1.108000 79.770 31.888 4.828 217521.683
1.109000 79.769 31.881 4.828 217480.757
1.110000 79.769 31.874 4.828 217550.743
1.111000 79.768 31.868 4.828 217432.203
1.112000 79.767 31.861 4.828 217490.687
1.113000 79.767 31.854 4.828 217712.539
1.114000 79.766 31.847 4.828 217819.823
1.115000 79.765 31.841 4.828 217816.376
1.116000 79.765 31.834 4.828 217780.635
1.117000 79.764 31.827 4.828 217862.307
1.118000 79.763 31.820 4.828 217732.827
1.119000 79.763 31.814 4.828 217777.398
1.120000 79.762 31.807 4.828 217687.715
1.121000 79.761 31.800 4.828 217604.800
1.122000 79.761 31.794 4.828 217588.496
1.123000 79.760 31.787 4.828 217501.145
1.124000 79.759 31.780 4.828 217467.906
1.125000 79.759 31.774 4.828 217431.506
1.126000 79.758 31.767 4.828 217353.323
1.127000 79.757 31.760 4.828 217466.310
1.128000 79.757 31.754 4.828 217579.223
1.129000 79.756 31.747 4.828 217498.297
1.130000 79.755 31.740 4.828 217583.130
1.131000 79.755 31.734 4.828 217657.405
1.132000 79.754 31.727 4.828 217591.387
1.133000 79.753 31.720 4.828 217682.547
1.134000 79.753 31.714 4.828 217587.672
1.135000 79.752 31.707 4.828 217501.641
1.136000 79.751 31.701 4.828 217538.012
1.137000 79.751 31.694 4.828 217656.662
1.138000 79.750 31.687 4.828 217719.244
1.139000 79.749 31.681 4.828 217736.555
1.140000 79.749 31.674 4.828 217658.327
1.141000 79.748 31.668 4.828 217809.160
1.142000 79.747 31.661 4.828 217947.034
1.143000 79.747 31.654 4.828 218034.380
1.144000 79.746 31.648 4.828 218114.054
1.145000 79.745 31.641 4.828 217997.891
1.146000 79.745 31.635 4.828 217893.467
1.147000 79.744 31.628 4.828 218005.088
1.148000 79.743 31.622 4.828 218045.893
1.149000 79.743 31.615 4.828 218136.186
1.150000 79.742 31.609 4.828 218196.824
1.151000 79.742 31.602 4.828 218304.262
1.152000 79.741 31.596 4.828 218286.316
1.153000 79.740 31.589 4.828 218164.555
1.154000 79.740 31.583 4.828 218159.831
1.155000 79.739 31.576 4.828 218285.156
1.156000 79.738 31.570 4.828 218242.068
1.157000 79.738 31.563 4.828 218132.887
1.158000 79.737 31.557 4.828 218208.945
1.159000 79.736 31.550 4.828 218317.125
1.160000 79.736 31.544 4.828 218464.241
1.161000 79.735 31.537 4.828 218561.652
1.162000 79.734 31.531 4.828 218329.984
1.163000 79.734 31.525 4.828 218389.614
1.164000 79.733 31.518 4.828 218530.658
1.165000 79.733 31.512 4.828 218609.980
1.166000 79.732 31.505 4.828 218601.448
1.167000 79.731 31.499 4.828 218592.484
1.168000 79.731 31.492 4.828 218640.885
1.169000 79.730 31.486 4.828 218692.115
1.170000 79.729 31.480 4.828 218707.206
1.171000 79.729 31.473 4.828 218605.123
1.172000 79.728 31.467 4.828 218402.789
1.173000 79.728 31.460 4.828 218441.332
1.174000 79.727 31.454 4.828 218430.448
1.175000 79.726 31.448 4.828 218377.709
1.176000 79.726 31.441 4.828 218368.362
1.177000 79.725 31.435 4.828 218392.904
1.178000 79.724 31.429 4.828 218527.652
1.179000 79.724 31.422 4.828 218546.768
1.180000 79.723 31.416 4.828 218543.357
1.181000 79.722 31.410 4.828 218533.528
1.182000 79.722 31.403 4.828 218585.043
1.183000 79.721 31.397 4.828 218616.928
1.184000 79.721 31.391 4.828 218640.942
1.185000 79.720 31.384 4.828 218568.903
1.186000 79.719 31.378 4.828 218688.065
1.187000 79.719 31.372 4.828 218685.597
1.188000 79.718 31.365 4.828 218762.024
1.189000 79.718 31.359 4.828 218687.114
1.190000 79.717 31.353 4.828 218647.722
1.191000 79.716 31.347 4.828 218738.646
1.192000 79.716 31.340 4.828 218911.825
1.193000 79.715 31.334 4.828 218960.344
1.194000 79.714 31.328 4.828 218944.106
1.195000 79.714 31.322 4.828 218899.507
1.196000 79.713 31.315 4.828 218966.978
1.197000 79.713 31.309 4.828 218922.721
1.198000 79.712 31.303 4.828 218958.053
1.199000 79.711 31.297 4.828 219039.419
1.200000 79.711 31.290 4.828 218906.712
1.201000 79.710 31.284 4.828 218948.063
1.202000 79.709 31.278 4.828 218974.857
1.203000 79.709 31.272 4.828 218911.984
1.204000 79.708 31.266 4.828 218925.075
1.205000 79.708 31.259 4.828 219017.813
1.206000 79.707 31.253 4.828 219186.794
1.207000 79.706 31.247 4.828 219167.812
1.208000 79.706 31.241 4.828 219119.761
1.209000 79.705 31.235 4.828 219099.670
1.210000 79.705 31.228 4.828 219117.522
1.211000 79.704 31.222 4.828 219090.762
1.212000 79.703 31.216 4.828 219232.047
1.213000 79.703 31.210 4.828 219452.129
1.214000 79.702 31.204 4.828 219286.268
1.215000 79.702 31.198 4.828 219110.327
1.216000 79.701 31.192 4.828 219209.601
1.217000 79.700 31.185 4.828 219319.726
1.218000 79.700 31.179 4.828 219336.919
1.219000 79.699 31.173 4.828 219472.248
1.220000 79.699 31.167 4.828 219588.802
1.221000 79.698 31.161 4.828 219497.591
1.222000 79.697 31.155 4.828 219529.487
1.223000 79.697 31.149 4.828 219656.265
1.224000 79.696 31.143 4.828 219822.578
1.225000 79.696 31.137 4.828 219720.964
1.226000 79.695 31.131 4.828 219815.682
1.227000 79.694 31.124 4.828 219849.913
1.228000 79.694 31.118 4.828 219829.009
1.229000 79.693 31.112 4.828 219869.043
1.230000 79.693 31.106 4.828 219815.172
1.231000 79.692 31.100 4.828 219770.733
1.232000 79.691 31.094 4.828 219756.302
1.233000 79.691 31.088 4.828 219706.449
1.234000 79.690 31.082 4.828 219828.135
1.235000 79.690 31.076 4.828 219892.854
1.236000 79.689 31.070 4.828 219863.056
1.237000 79.688 31.064 4.828 219867.229
1.238000 79.688 31.058 4.828 219947.954
1.239000 79.687 31.052 4.828 219954.147
1.240000 79.687 31.046 4.828 219961.539
1.241000 79.686 31.040 4.828 220063.147
1.242000 79.686 31.034 4.828 220094.538
1.243000 79.685 31.028 4.828 219906.580
1.244000 79.684 31.022 4.828 219925.383
1.245000 79.684 31.016 4.828 219881.509
1.246000 79.683 31.010 4.828 219903.117
1.247000 79.683 31.004 4.828 219978.688
1.248000 79.682 30.998 4.828 220114.507
1.249000 79.681 30.992 4.828 220117.895
1.250000 79.681 30.986 4.828 220122.927
1.251000 79.680 30.980 4.828 220288.990
1.252000 79.680 30.974 4.828 220216.996
1.253000 79.679 30.968 4.828 220072.735
1.254000 79.679 30.962 4.828 220080.778
1.255000 79.678 30.956 4.828 220132.126
1.256000 79.677 30.950 4.828 220266.069
1.257000 79.677 30.944 4.828 220338.846
1.258000 79.676 30.938 4.828 220379.573
1.259000 79.676 30.933 4.828 220456.755
1.260000 79.675 30.927 4.828 220378.634
1.261000 79.674 30.921 4.828 220286.455
1.262000 79.674 30.915 4.828 220307.849
1.263000 79.673 30.909 4.828 220363.554
1.264000 79.673 30.903 4.828 220559.430
1.265000 79.672 30.897 4.828 220643.329
1.266000 79.672 30.891 4.828 220614.195
1.267000 79.671 30.885 4.828 220604.682
1.268000 79.670 30.880 4.828 220518.725
1.269000 79.670 30.874 4.828 220521.196
1.270000 79.669 30.868 4.828 220462.734
1.271000 79.669 30.862 4.828 220482.470
1.272000 79.668 30.856 4.828 220659.651
1.273000 79.668 30.850 4.828 220702.416
1.274000 79.667 30.844 4.828 220582.922
1.275000 79.667 30.839 4.828 220568.551
1.276000 79.666 30.833 4.828 220663.996
1.277000 79.665 30.827 4.828 220730.894
1.278000 79.665 30.821 4.828 220766.404
1.279000 79.664 30.815 4.828 220728.683
1.280000 79.664 30.809 4.828 220658.373
1.281000 79.663 30.804 4.828 220759.787
1.282000 79.663 30.798 4.828 220891.149
1.283000 79.662 30.792 4.828 220994.982
1.284000 79.661 30.786 4.828 220947.124
1.285000 79.661 30.780 4.828 221005.302
1.286000 79.660 30.775 4.828 220982.747
1.287000 79.660 30.769 4.828 220939.460
1.288000 79.659 30.763 4.828 221015.274
1.289000 79.659 30.757 4.828 221048.792
1.290000 79.658 30.751 4.828 221028.013
1.291000 79.658 30.746 4.828 221183.195
1.292000 79.657 30.740 4.828 221184.633
1.293000 79.656 30.734 4.828 221215.115
1.294000 79.656 30.728 4.828 221288.210
1.295000 79.655 30.723 4.828 221406.934
1.296000 79.655 30.717 4.828 221489.194
1.297000 79.654 30.711 4.828 221399.233
1.298000 79.654 30.705 4.828 221466.208
1.299000 79.653 30.700 4.828 221428.551
1.300000 79.653 30.694 4.828 221378.071
1.301000 79.652 30.688 4.828 221505.293
1.302000 79.651 30.683 4.828 221614.818
1.303000 79.651 30.677 4.828 221546.650
1.304000 79.650 30.671 4.828 221537.851
1.305000 79.650 30.665 4.828 221592.719
1.306000 79.649 30.660 4.828 221615.829
1.307000 79.649 30.654 4.828 221475.025
1.308000 79.648 30.648 4.828 221341.130
1.309000 79.648 30.643 4.828 221570.164
1.310000 79.647 30.637 4.828 221641.794
1.311000 79.647 30.631 4.828 221635.030
1.312000 79.646 30.626 4.828 221783.915
1.313000 79.645 30.620 4.828 221863.208
1.314000 79.645 30.614 4.828 221789.626
1.315000 79.644 30.609 4.828 221755.058
1.316000 79.644 30.603 4.828 221585.014
1.317000 79.643 30.597 4.828 221667.728
1.318000 79.643 30.592 4.828 221895.107
1.319000 79.642 30.586 4.828 221978.517
1.320000 79.642 30.580 4.828 221835.488
1.321000 79.641 30.575 4.828 221987.549
1.322000 79.641 30.569 4.828 221925.762
1.323000 79.640 30.563 4.828 221966.283
1.324000 79.640 30.558 4.828 221917.999
1.325000 79.639 30.552 4.828 221976.994
1.326000 79.638 30.547 4.828 222064.247
1.327000 79.638 30.541 4.828 222225.384
1.328000 79.637 30.535 4.828 222161.827
1.329000 79.637 30.530 4.828 222141.771
1.330000 79.636 30.524 4.828 222161.319
1.331000 79.636 30.519 4.828 222182.261
1.332000 79.635 30.513 4.828 222193.212
1.333000 79.635 30.507 4.828 222223.775
1.334000 79.634 30.502 4.828 222279.562
1.335000 79.634 30.496 4.828 222379.727
1.336000 79.633 30.491 4.828 222440.484
1.337000 79.633 30.485 4.828 222439.015
1.338000 79.632 30.480 4.828 222191.513
1.339000 79.632 30.474 4.828 222256.772
1.340000 79.631 30.468 4.828 222252.013
1.341000 79.631 30.463 4.828 222249.782
1.342000 79.630 30.457 4.828 222377.459
1.343000 79.629 30.452 4.828 222517.180
1.344000 79.629 30.446 4.828 222569.582
1.345000 79.628 30.441 4.828 222437.879
1.346000 79.628 30.435 4.828 222500.692
1.347000 79.627 30.430 4.828 222579.363
1.348000 79.627 30.424 4.828 222644.444
1.349000 79.626 30.419 4.828 222639.698
1.350000 79.626 30.413 4.828 222525.520
1.351000 79.625 30.408 4.828 222427.463
1.352000 79.625 30.402 4.828 222550.960
1.353000 79.624 30.397 4.828 222606.612
1.354000 79.624 30.391 4.828 222628.654
1.355000 79.623 30.386 4.828 222730.303
1.356000 79.623 30.380 4.828 222640.753
1.357000 79.622 30.375 4.828 222723.167
1.358000 79.622 30.369 4.828 222828.583
1.359000 79.621 30.364 4.828 222863.458
1.360000 79.621 30.358 4.828 222949.145
1.361000 79.620 30.353 4.828 223071.659
1.362000 79.620 30.347 4.828 223159.222
1.363000 79.619 30.342 4.828 223186.572
1.364000 79.619 30.336 4.828 223313.510
1.365000 79.618 30.331 4.828 223296.865
1.366000 79.618 30.325 4.828 223144.796
1.367000 79.617 30.320 4.828 223223.006
1.368000 79.617 30.314 4.828 223312.234
1.369000 79.616 30.309 4.828 223368.156
1.370000 79.616 30.304 4.828 223413.443
1.371000 79.615 30.298 4.828 223424.784
1.372000 79.615 30.293 4.828 223462.559
1.373000 79.614 30.287 4.828 223415.055
1.374000 79.614 30.282 4.828 223437.641
1.375000 79.613 30.276 4.828 223487.819
1.376000 79.612 30.271 4.828 223580.256
1.377000 79.612 30.266 4.828 223597.534
1.378000 79.611 30.260 4.828 223530.414
1.379000 79.611 30.255 4.828 223446.344
1.380000 79.610 30.249 4.828 223577.740
1.381000 79.610 30.244 4.828 223484.060
1.382000 79.609 30.239 4.828 223507.738
1.383000 79.609 30.233 4.828 223496.047
1.384000 79.608 30.228 4.828 223414.256
1.385000 79.608 30.222 4.828 223620.090
1.386000 79.607 30.217 4.828 223774.319
1.387000 79.607 30.212 4.828 223800.603
1.388000 79.606 30.206 4.828 223816.108
1.389000 79.606 30.201 4.828 223906.342
1.390000 79.605 30.196 4.828 223974.972
1.391000 79.605 30.190 4.828 224088.840
1.392000 79.604 30.185 4.828 223948.535
1.393000 79.604 30.180 4.828 223750.168
1.394000 79.604 30.174 4.828 223797.698
1.395000 79.603 30.169 4.828 223971.491
1.396000 79.603 30.164 4.828 223906.916
1.397000 79.602 30.158 4.828 223985.064
1.398000 79.602 30.153 4.828 223910.357
1.399000 79.601 30.148 4.828 224002.619
1.400000 79.601 30.142 4.828 224113.787
1.401000 79.600 30.137 4.828 224111.370
1.402000 79.600 30.132 4.828 224149.158
1.403000 79.599 30.126 4.828 224084.380
1.404000 79.599 30.121 4.828 224019.125
1.405000 79.598 30.116 4.828 224037.080
1.406000 79.598 30.110 4.828 224074.955
1.407000 79.597 30.105 4.828 224221.035
1.408000 79.597 30.100 4.828 224339.541
1.409000 79.596 30.094 4.828 224373.480
1.410000 79.596 30.089 4.828 224430.089
1.411000 79.595 30.084 4.828 224526.737
1.412000 79.595 30.079 4.828 224459.452
1.413000 79.594 30.073 4.828 224375.489
1.414000 79.594 30.068 4.828 224477.529
1.415000 79.593 30.063 4.828 224560.119
1.416000 79.593 30.057 4.828 224539.932
1.417000 79.592 30.052 4.828 224455.242
1.418000 79.592 30.047 4.828 224455.182
1.419000 79.591 30.042 4.828 224597.077
1.420000 79.591 30.036 4.828 224844.609
1.421000 79.590 30.031 4.828 224832.067
1.422000 79.590 30.026 4.828 224733.478
1.423000 79.589 30.021 4.828 224729.607
1.424000 79.589 30.015 4.828 224672.022
1.425000 79.588 30.010 4.828 224677.611
1.426000 79.588 30.005 4.828 224632.535
1.427000 79.588 30.000 4.828 224641.592
1.428000 79.587 29.994 4.828 224715.167
1.429000 79.587 29.989 4.828 224888.338
1.430000 79.586 29.984 4.828 225092.760
1.431000 79.586 29.979 4.828 225084.550
1.432000 79.585 29.974 4.828 225145.793
1.433000 79.585 29.968 4.828 224938.695
1.434000 79.584 29.963 4.828 224968.462
1.435000 79.584 29.958 4.828 224952.979
1.436000 79.583 29.953 4.828 224741.938
1.437000 79.583 29.948 4.828 224932.307
1.438000 79.582 29.942 4.828 225097.637
1.439000 79.582 29.937 4.828 225330.461
1.440000 79.581 29.932 4.828 225433.978
1.441000 79.581 29.927 4.828 225434.117
1.442000 79.580 29.922 4.828 225518.924
1.443000 79.580 29.916 4.828 225446.709
1.444000 79.579 29.911 4.828 225510.367
1.445000 79.579 29.906 4.828 225446.917
1.446000 79.579 29.901 4.828 225439.768
1.447000 79.578 29.896 4.828 225485.222
1.448000 79.578 29.891 4.828 225568.937
1.449000 79.577 29.885 4.828 225623.814
1.450000 79.577 29.880 4.828 225668.504
1.451000 79.576 29.875 4.828 225675.949
1.452000 79.576 29.870 4.828 225697.316
1.453000 79.575 29.865 4.828 225746.093
1.454000 79.575 29.860 4.828 225755.820
1.455000 79.574 29.855 4.828 225806.964
1.456000 79.574 29.849 4.828 225746.099
1.457000 79.573 29.844 4.828 225777.716
1.458000 79.573 29.839 4.828 225859.153
1.459000 79.573 29.834 4.828 225881.458
1.460000 79.572 29.829 4.828 225981.156
1.461000 79.572 29.824 4.828 225911.807
1.462000 79.571 29.819 4.828 225882.933
1.463000 79.571 29.814 4.828 225922.480
1.464000 79.570 29.808 4.828 226006.076
1.465000 79.570 29.803 4.828 226033.209
1.466000 79.569 29.798 4.828 226001.267
1.467000 79.569 29.793 4.828 225948.420
1.468000 79.568 29.788 4.828 225933.033
1.469000 79.568 29.783 4.828 225972.585
1.470000 79.568 29.778 4.828 226131.301
1.471000 79.567 29.773 4.828 226035.894
1.472000 79.567 29.768 4.828 226172.632
1.473000 79.566 29.763 4.828 226315.636
1.474000 79.566 29.757 4.828 226356.136
1.475000 79.565 29.752 4.828 226392.465
1.476000 79.565 29.747 4.828 226410.246
1.477000 79.564 29.742 4.828 226488.165
1.478000 79.564 29.737 4.828 226419.739
1.479000 79.563 29.732 4.828 226390.152
1.480000 79.563 29.727 4.828 226476.607
1.481000 79.563 29.722 4.828 226462.310
1.482000 79.562 29.717 4.828 226619.845
1.483000 79.562 29.712 4.828 226702.620
1.484000 79.561 29.707 4.828 226754.973
1.485000 79.561 29.702 4.828 226780.062
1.486000 79.560 29.697 4.828 226860.093
1.487000 79.560 29.692 4.828 226863.213
1.488000 79.559 29.687 4.828 226701.582
1.489000 79.559 29.682 4.828 226705.436
1.490000 79.559 29.677 4.828 226603.958
1.491000 79.558 29.672 4.828 226607.252
1.492000 79.558 29.667 4.828 226712.698
1.493000 79.557 29.662 4.828 226803.279
1.494000 79.557 29.657 4.828 226845.018
1.495000 79.556 29.652 4.828 226754.358
1.496000 79.556 29.646 4.828 226863.352
1.497000 79.556 29.641 4.828 226771.823
1.498000 79.555 29.636 4.828 226912.819
1.499000 79.555 29.631 4.828 226900.613
1.500000 79.554 29.626 4.828 226918.442
1.501000 79.554 29.621 4.828 226905.907
1.502000 79.553 29.616 4.828 226916.527
1.503000 79.553 29.611 4.828 227208.202
1.504000 79.552 29.606 4.828 227148.065
1.505000 79.552 29.602 4.828 227202.858
1.506000 79.552 29.597 4.828 227254.479
1.507000 79.551 29.592 4.828 227324.153
1.508000 79.551 29.587 4.828 227383.747
1.509000 79.550 29.582 4.828 227438.777
1.510000 79.550 29.577 4.828 227523.623
1.511000 79.549 29.572 4.828 227532.096
1.512000 79.549 29.567 4.828 227427.194
1.513000 79.549 29.562 4.828 227324.014
1.514000 79.548 29.557 4.828 227497.348
1.515000 79.548 29.552 4.828 227513.594
1.516000 79.547 29.547 4.828 227624.334
1.517000 79.547 29.542 4.828 227421.676
1.518000 79.546 29.537 4.828 227363.901
1.519000 79.546 29.532 4.828 227450.833
1.520000 79.546 29.527 4.828 227532.798
1.521000 79.545 29.522 4.828 227637.677
1.522000 79.545 29.517 4.828 227613.845
1.523000 79.544 29.512 4.828 227614.372
1.524000 79.544 29.507 4.828 227683.238
1.525000 79.543 29.502 4.828 227978.202
1.526000 79.543 29.497 4.828 227809.677
1.527000 79.543 29.493 4.828 227896.349
1.528000 79.542 29.488 4.828 227875.395
1.529000 79.542 29.483 4.828 227887.898
1.530000 79.541 29.478 4.828 227883.297
1.531000 79.541 29.473 4.828 227880.167
1.532000 79.540 29.468 4.828 228054.371
1.533000 79.540 29.463 4.828 227984.111
1.534000 79.540 29.458 4.828 228077.016
1.535000 79.539 29.453 4.828 228259.783
1.536000 79.539 29.448 4.828 228263.659
1.537000 79.538 29.443 4.828 228425.450
1.538000 79.538 29.439 4.828 228465.005
1.539000 79.538 29.434 4.828 228466.721
1.540000 79.537 29.429 4.828 228480.922
1.541000 79.537 29.424 4.828 228335.597
1.542000 79.536 29.419 4.828 228300.063
1.543000 79.536 29.414 4.828 228271.464
1.544000 79.535 29.409 4.828 228256.092
1.545000 79.535 29.404 4.828 228298.450
1.546000 79.535 29.399 4.828 228377.937
1.547000 79.534 29.395 4.828 228318.116
1.548000 79.534 29.390 4.828 228324.234
1.549000 79.533 29.385 4.828 228421.865
1.550000 79.533 29.380 4.828 228592.646
1.551000 79.533 29.375 4.828 228718.474
1.552000 79.532 29.370 4.828 228607.817
1.553000 79.532 29.365 4.828 228621.801
1.554000 79.531 29.361 4.828 228782.810
1.555000 79.531 29.356 4.828 228978.003
1.556000 79.530 29.351 4.828 228855.265
1.557000 79.530 29.346 4.828 229047.897
1.558000 79.530 29.341 4.828 229062.195
1.559000 79.529 29.336 4.828 229183.761
1.560000 79.529 29.332 4.828 229124.446
1.561000 79.528 29.327 4.828 229141.989
1.562000 79.528 29.322 4.828 229216.216
1.563000 79.528 29.317 4.828 229103.876
1.564000 79.527 29.312 4.828 229043.661
1.565000 79.527 29.307 4.828 229157.231
1.566000 79.526 29.303 4.828 229314.466
1.567000 79.526 29.298 4.828 229343.372
1.568000 79.526 29.293 4.828 229216.469
1.569000 79.525 29.288 4.828 229274.232
1.570000 79.525 29.283 4.828 229352.149
1.571000 79.524 29.279 4.828 229424.265
1.572000 79.524 29.274 4.828 229424.980
1.573000 79.524 29.269 4.828 229315.953
1.574000 79.523 29.264 4.828 229256.107
1.575000 79.523 29.259 4.828 229154.107
1.576000 79.522 29.255 4.828 229246.538
1.577000 79.522 29.250 4.828 229366.939
1.578000 79.522 29.245 4.828 229324.777
1.579000 79.521 29.240 4.828 229405.588
1.580000 79.521 29.235 4.828 229581.587
1.581000 79.520 29.231 4.828 229532.433
1.582000 79.520 29.226 4.828 229525.413
1.583000 79.520 29.221 4.828 229597.028
1.584000 79.519 29.216 4.828 229588.028
1.585000 79.519 29.211 4.828 229695.257
1.586000 79.518 29.207 4.828 229692.978
1.587000 79.518 29.202 4.828 229687.709
1.588000 79.518 29.197 4.828 229812.675
1.589000 79.517 29.192 4.828 229772.741
1.590000 79.517 29.188 4.828 229713.547
1.591000 79.516 29.183 4.828 229850.937
1.592000 79.516 29.178 4.828 229845.442
1.593000 79.516 29.173 4.828 229970.208
1.594000 79.515 29.169 4.828 229968.747
1.595000 79.515 29.164 4.828 230004.990
1.596000 79.514 29.159 4.828 229929.851
1.597000 79.514 29.154 4.828 229912.367
1.598000 79.514 29.150 4.828 229905.802
1.599000 79.513 29.145 4.828 229985.709
1.600000 79.513 29.140 4.828 230079.298
1.601000 79.512 29.135 4.828 230064.562
1.602000 79.512 29.131 4.828 230159.013
1.603000 79.512 29.126 4.828 230313.459
1.604000 79.511 29.121 4.828 230235.952
1.605000 79.511 29.117 4.828 230137.344
1.606000 79.511 29.112 4.828 230308.980
1.607000 79.510 29.107 4.828 230378.310
1.608000 79.510 29.102 4.828 230468.057
1.609000 79.509 29.098 4.828 230453.041
1.610000 79.509 29.093 4.828 230425.396
1.611000 79.509 29.088 4.828 230445.960
1.612000 79.508 29.084 4.828 230558.563
1.613000 79.508 29.079 4.828 230639.546
1.614000 79.507 29.074 4.828 230652.180
1.615000 79.507 29.069 4.828 230828.192
1.616000 79.507 29.065 4.828 230738.596
1.617000 79.506 29.060 4.828 230732.815
1.618000 79.506 29.055 4.828 230761.813
1.619000 79.506 29.051 4.828 230674.795
1.620000 79.505 29.046 4.828 230616.876
1.621000 79.505 29.041 4.828 230605.857
1.622000 79.504 29.037 4.828 230728.749
1.623000 79.504 29.032 4.828 230697.571
1.624000 79.504 29.027 4.828 230868.942
1.625000 79.503 29.023 4.828 230938.062
1.626000 79.503 29.018 4.828 231081.276
1.627000 79.503 29.013 4.828 231246.581
1.628000 79.502 29.009 4.828 231174.243
1.629000 79.502 29.004 4.828 231090.143
1.630000 79.501 28.999 4.828 231069.336
1.631000 79.501 28.995 4.828 231037.197
1.632000 79.501 28.990 4.828 231078.034
1.633000 79.500 28.985 4.828 230996.432
1.634000 79.500 28.981 4.828 231082.176
1.635000 79.499 28.976 4.828 231243.000
1.636000 79.499 28.971 4.828 231425.386
1.637000 79.499 28.967 4.828 231268.561
1.638000 79.498 28.962 4.828 231156.141
1.639000 79.498 28.957 4.828 231390.250
1.640000 79.498 28.953 4.828 231518.644
1.641000 79.497 28.948 4.828 231589.461
1.642000 79.497 28.943 4.828 231596.079
1.643000 79.497 28.939 4.828 231525.849
1.644000 79.496 28.934 4.828 231551.388
1.645000 79.496 28.930 4.828 231554.454
1.646000 79.495 28.925 4.828 231724.314
1.647000 79.495 28.920 4.828 231832.690
1.648000 79.495 28.916 4.828 231877.685
1.649000 79.494 28.911 4.828 231939.686
1.650000 79.494 28.906 4.828 231890.884
1.651000 79.494 28.902 4.828 231954.427
1.652000 79.493 28.897 4.828 231862.397
1.653000 79.493 28.893 4.828 231881.630
1.654000 79.492 28.888 4.828 231969.029
1.655000 79.492 28.883 4.828 231996.395
1.656000 79.492 28.879 4.828 232057.760
1.657000 79.491 28.874 4.828 232117.262
1.658000 79.491 28.870 4.828 232090.719
1.659000 79.491 28.865 4.828 232275.225
1.660000 79.490 28.860 4.828 232430.716
1.661000 79.490 28.856 4.828 232318.796
1.662000 79.490 28.851 4.828 232135.511
1.663000 79.489 28.847 4.828 232158.304
1.664000 79.489 28.842 4.828 232078.523
1.665000 79.488 28.837 4.828 232054.815
1.666000 79.488 28.833 4.828 232110.236
1.667000 79.488 28.828 4.828 232067.770
1.668000 79.487 28.824 4.828 232153.711
1.669000 79.487 28.819 4.828 232174.061
1.670000 79.487 28.814 4.828 232297.263
1.671000 79.486 28.810 4.828 232278.273
1.672000 79.486 28.805 4.828 232394.070
1.673000 79.486 28.801 4.828 232586.777
1.674000 79.485 28.796 4.828 232549.278
1.675000 79.485 28.792 4.828 232621.688
1.676000 79.484 28.787 4.828 232711.797
1.677000 79.484 28.782 4.828 232728.586
1.678000 79.484 28.778 4.828 232712.672
1.679000 79.483 28.773 4.828 232731.131
1.680000 79.483 28.769 4.828 232587.074
1.681000 79.483 28.764 4.828 232550.037
1.682000 79.482 28.760 4.828 232557.347
1.683000 79.482 28.755 4.828 232443.244
1.684000 79.482 28.751 4.828 232512.404
1.685000 79.481 28.746 4.828 232658.623
1.686000 79.481 28.742 4.828 232949.700
1.687000 79.481 28.737 4.828 232879.503
1.688000 79.480 28.732 4.828 232883.495
1.689000 79.480 28.728 4.828 232983.781
1.690000 79.479 28.723 4.828 233029.559
1.691000 79.479 28.719 4.828 233069.581
1.692000 79.479 28.714 4.828 232909.291
1.693000 79.478 28.710 4.828 232928.928
1.694000 79.478 28.705 4.828 233003.742
1.695000 79.478 28.701 4.828 233113.848
1.696000 79.477 28.696 4.828 233128.756
1.697000 79.477 28.692 4.828 233241.665
1.698000 79.477 28.687 4.828 233289.730
1.699000 79.476 28.683 4.828 233487.422
1.700000 79.476 28.678 4.828 233464.791
1.701000 79.476 28.674 4.828 233467.777
1.702000 79.475 28.669 4.828 233493.996
1.703000 79.475 28.665 4.828 233333.840
1.704000 79.475 28.660 4.828 233374.045
1.705000 79.474 28.656 4.828 233419.729
1.706000 79.474 28.651 4.828 233435.717
1.707000 79.473 28.647 4.828 233461.990
1.708000 79.473 28.642 4.828 233440.497
1.709000 79.473 28.638 4.828 233522.276
1.710000 79.472 28.633 4.828 233370.999
1.711000 79.472 28.629 4.828 233554.667
1.712000 79.472 28.624 4.828 233516.706
1.713000 79.471 28.620 4.828 233562.470
1.714000 79.471 28.615 4.828 233557.412
1.715000 79.471 28.611 4.828 233770.894
1.716000 79.470 28.606 4.828 234004.323
1.717000 79.470 28.602 4.828 233899.283
1.718000 79.470 28.597 4.828 233831.244
1.719000 79.469 28.593 4.828 233860.284
1.720000 79.469 28.588 4.828 233848.397
1.721000 79.469 28.584 4.828 233808.114
1.722000 79.468 28.579 4.828 233927.775
1.723000 79.468 28.575 4.828 233991.030
1.724000 79.468 28.570 4.828 234177.940
1.725000 79.467 28.566 4.828 234155.551
1.726000 79.467 28.561 4.828 234144.028
1.727000 79.467 28.557 4.828 234114.476
1.728000 79.466 28.552 4.828 234168.506
1.729000 79.466 28.548 4.828 234154.282
1.730000 79.466 28.544 4.828 234241.097
1.731000 79.465 28.539 4.828 234287.993
1.732000 79.465 28.535 4.828 234324.890
1.733000 79.465 28.530 4.828 234590.378
1.734000 79.464 28.526 4.828 234679.343
1.735000 79.464 28.521 4.828 234571.219
1.736000 79.464 28.517 4.828 234480.293
1.737000 79.463 28.512 4.828 234539.498
1.738000 79.463 28.508 4.828 234671.292
1.739000 79.463 28.503 4.828 234656.717
1.740000 79.462 28.499 4.828 234706.143
1.741000 79.462 28.495 4.828 234732.782
1.742000 79.462 28.490 4.828 234653.452
1.743000 79.461 28.486 4.828 234703.084
1.744000 79.461 28.481 4.828 234936.028
1.745000 79.461 28.477 4.828 234967.080
1.746000 79.460 28.472 4.828 234911.853
1.747000 79.460 28.468 4.828 234996.675
1.748000 79.460 28.464 4.828 234938.858
1.749000 79.459 28.459 4.828 234855.335
1.750000 79.459 28.455 4.828 234865.126
1.751000 79.459 28.450 4.828 234949.523
1.752000 79.458 28.446 4.828 234950.348
1.753000 79.458 28.441 4.828 234870.146
1.754000 79.458 28.437 4.828 234917.472
1.755000 79.457 28.433 4.828 234961.949
1.756000 79.457 28.428 4.828 234868.793
1.757000 79.457 28.424 4.828 235076.552
1.758000 79.456 28.419 4.828 235265.644
1.759000 79.456 28.415 4.828 235308.208
1.760000 79.456 28.411 4.828 235369.398
1.761000 79.455 28.406 4.828 235431.178
1.762000 79.455 28.402 4.828 235331.749
1.763000 79.455 28.397 4.828 235268.512
1.764000 79.454 28.393 4.828 235388.578
1.765000 79.454 28.389 4.828 235455.066
1.766000 79.454 28.384 4.828 235531.964
1.767000 79.453 28.380 4.828 235570.645
1.768000 79.453 28.375 4.828 235611.513
1.769000 79.453 28.371 4.828 235770.124
1.770000 79.452 28.367 4.828 235783.021
1.771000 79.452 28.362 4.828 235614.798
1.772000 79.452 28.358 4.828 235758.972
1.773000 79.451 28.354 4.828 235638.948
1.774000 79.451 28.349 4.828 235645.756
1.775000 79.451 28.345 4.828 235668.297
1.776000 79.450 28.340 4.828 235595.162
1.777000 79.450 28.336 4.828 235607.516
1.778000 79.450 28.332 4.828 235595.072
1.779000 79.449 28.327 4.828 235728.256
1.780000 79.449 28.323 4.828 235802.145
1.781000 79.449 28.319 4.828 235802.678
1.782000 79.448 28.314 4.828 235903.772
1.783000 79.448 28.310 4.828 236030.927
1.784000 79.448 28.305 4.828 236100.705
1.785000 79.447 28.301 4.828 236059.771
1.786000 79.447 28.297 4.828 236161.830
1.787000 79.447 28.292 4.828 236392.150
1.788000 79.446 28.288 4.828 236265.521
1.789000 79.446 28.284 4.828 236347.656
1.790000 79.446 28.279 4.828 236466.170
1.791000 79.446 28.275 4.828 236486.435
1.792000 79.445 28.271 4.828 236512.068
1.793000 79.445 28.266 4.828 236530.229
1.794000 79.445 28.262 4.828 236321.663
1.795000 79.444 28.258 4.828 236274.923
1.796000 79.444 28.253 4.828 236246.684
1.797000 79.444 28.249 4.828 236259.395
1.798000 79.443 28.245 4.828 236440.597
1.799000 79.443 28.240 4.828 236399.401
1.800000 79.443 28.236 4.828 236476.149
1.801000 79.442 28.232 4.828 236612.125
1.802000 79.442 28.227 4.828 236681.252
1.803000 79.442 28.223 4.828 236694.401
1.804000 79.441 28.219 4.828 236632.912
1.805000 79.441 28.214 4.828 236764.399
1.806000 79.441 28.210 4.828 236736.733
1.807000 79.440 28.206 4.828 236607.251
1.808000 79.440 28.201 4.828 236750.254
1.809000 79.440 28.197 4.828 236764.863
1.810000 79.440 28.193 4.828 236733.393
1.811000 79.439 28.188 4.828 236792.345
1.812000 79.439 28.184 4.828 236973.906
1.813000 79.439 28.180 4.828 236852.226
1.814000 79.438 28.175 4.828 236870.069
1.815000 79.438 28.171 4.828 236927.146
1.816000 79.438 28.167 4.828 236767.661
1.817000 79.437 28.162 4.828 236762.837
1.818000 79.437 28.158 4.828 236913.845
1.819000 79.437 28.154 4.828 236956.104
1.820000 79.436 28.150 4.828 236940.332
1.821000 79.436 28.145 4.828 237010.597
1.822000 79.436 28.141 4.828 237134.945
1.823000 79.435 28.137 4.828 237361.231
1.824000 79.435 28.132 4.828 237403.233
1.825000 79.435 28.128 4.828 237399.107
1.826000 79.435 28.124 4.828 237480.357
1.827000 79.434 28.119 4.828 237542.007
1.828000 79.434 28.115 4.828 237318.010
1.829000 79.434 28.111 4.828 237275.861
1.830000 79.433 28.107 4.828 237406.693
1.831000 79.433 28.102 4.828 237573.463
1.832000 79.433 28.098 4.828 237575.780
1.833000 79.432 28.094 4.828 237797.862
1.834000 79.432 28.089 4.828 237686.445
1.835000 79.432 28.085 4.828 237696.126
1.836000 79.431 28.081 4.828 237835.459
1.837000 79.431 28.077 4.828 237946.188
1.838000 79.431 28.072 4.828 237877.265
1.839000 79.431 28.068 4.828 237699.291
1.840000 79.430 28.064 4.828 237660.281
1.841000 79.430 28.059 4.828 237768.222
1.842000 79.430 28.055 4.828 237794.273
1.843000 79.429 28.051 4.828 237793.467
1.844000 79.429 28.047 4.828 237912.145
1.845000 79.429 28.042 4.828 238061.412
1.846000 79.428 28.038 4.828 238062.106
1.847000 79.428 28.034 4.828 237917.437
1.848000 79.428 28.030 4.828 237960.892
1.849000 79.428 28.025 4.828 237972.338
1.850000 79.427 28.021 4.828 237978.657
1.851000 79.427 28.017 4.828 238183.045
1.852000 79.427 28.013 4.828 238293.503
1.853000 79.426 28.008 4.828 238328.362
1.854000 79.426 28.004 4.828 238376.725
1.855000 79.426 28.000 4.828 238274.367
1.856000 79.425 27.996 4.828 238116.707
1.857000 79.425 27.991 4.828 238270.696
1.858000 79.425 27.987 4.828 238354.105
1.859000 79.425 27.983 4.828 238529.955
1.860000 79.424 27.979 4.828 238742.519
1.861000 79.424 27.974 4.828 238820.529
1.862000 79.424 27.970 4.828 238816.159
1.863000 79.423 27.966 4.828 238697.272
1.864000 79.423 27.962 4.828 238736.236
1.865000 79.423 27.957 4.828 238688.052
1.866000 79.422 27.953 4.828 238759.976
1.867000 79.422 27.949 4.828 238805.921
1.868000 79.422 27.945 4.828 238924.659
1.869000 79.422 27.940 4.828 238918.542
1.870000 79.421 27.936 4.828 238962.111
1.871000 79.421 27.932 4.828 238889.372
1.872000 79.421 27.928 4.828 238812.846
1.873000 79.420 27.924 4.828 238724.611
1.874000 79.420 27.919 4.828 238839.179
1.875000 79.420 27.915 4.828 238984.906
1.876000 79.419 27.911 4.828 239197.212
1.877000 79.419 27.907 4.828 239227.337
1.878000 79.419 27.902 4.828 239301.354
1.879000 79.419 27.898 4.828 239257.637
1.880000 79.418 27.894 4.828 239353.472
1.881000 79.418 27.890 4.828 239325.056
1.882000 79.418 27.886 4.828 239329.226
1.883000 79.417 27.881 4.828 239349.130
1.884000 79.417 27.877 4.828 239375.098
1.885000 79.417 27.873 4.828 239389.921
1.886000 79.416 27.869 4.828 239205.132
1.887000 79.416 27.865 4.828 239249.152
1.888000 79.416 27.860 4.828 239267.563
1.889000 79.416 27.856 4.828 239295.537
1.890000 79.415 27.852 4.828 239350.498
1.891000 79.415 27.848 4.828 239480.879
1.892000 79.415 27.844 4.828 239643.399
1.893000 79.414 27.839 4.828 239810.728
1.894000 79.414 27.835 4.828 239562.861
1.895000 79.414 27.831 4.828 239555.370
1.896000 79.414 27.827 4.828 239628.038
1.897000 79.413 27.823 4.828 239600.933
1.898000 79.413 27.818 4.828 239565.996
1.899000 79.413 27.814 4.828 239566.302
1.900000 79.412 27.810 4.828 239684.479
1.901000 79.412 27.806 4.828 239637.958
1.902000 79.412 27.802 4.828 239666.890
1.903000 79.412 27.797 4.828 239594.302
1.904000 79.411 27.793 4.828 239828.134
1.905000 79.411 27.789 4.828 239819.879
1.906000 79.411 27.785 4.828 239731.821
1.907000 79.410 27.781 4.828 239850.906
1.908000 79.410 27.777 4.828 240047.221
1.909000 79.410 27.772 4.828 239873.421
1.910000 79.410 27.768 4.828 239806.392
1.911000 79.409 27.764 4.828 239889.812
1.912000 79.409 27.760 4.828 239984.502
1.913000 79.409 27.756 4.828 240130.791
1.914000 79.408 27.752 4.828 240230.933
1.915000 79.408 27.747 4.828 240283.762
1.916000 79.408 27.743 4.828 240336.840
1.917000 79.408 27.739 4.828 240376.158
1.918000 79.407 27.735 4.828 240388.021
1.919000 79.407 27.731 4.828 240474.414
1.920000 79.407 27.727 4.828 240658.890
1.921000 79.406 27.722 4.828 240579.342
1.922000 79.406 27.718 4.828 240598.965
1.923000 79.406 27.714 4.828 240552.487
1.924000 79.406 27.710 4.828 240655.707
1.925000 79.405 27.706 4.828 240686.918
1.926000 79.405 27.702 4.828 240744.940
1.927000 79.405 27.697 4.828 240734.102
1.928000 79.404 27.693 4.828 240747.329
1.929000 79.404 27.689 4.828 240634.182
1.930000 79.404 27.685 4.828 240627.223
1.931000 79.404 27.681 4.828 240648.869
1.932000 79.403 27.677 4.828 240749.375
1.933000 79.403 27.673 4.828 240856.404
1.934000 79.403 27.668 4.828 240909.564
1.935000 79.402 27.664 4.828 240945.795
1.936000 79.402 27.660 4.828 241061.417
1.937000 79.402 27.656 4.828 241087.917
1.938000 79.402 27.652 4.828 240893.902
1.939000 79.401 27.648 4.828 240927.024
1.940000 79.401 27.644 4.828 241060.881
1.941000 79.401 27.640 4.828 241175.894
1.942000 79.400 27.635 4.828 241225.870
1.943000 79.400 27.631 4.828 241170.512
1.944000 79.400 27.627 4.828 241391.320
1.945000 79.400 27.623 4.828 241336.346
1.946000 79.399 27.619 4.828 241283.115
1.947000 79.399 27.615 4.828 241377.772
1.948000 79.399 27.611 4.828 241313.245
1.949000 79.398 27.606 4.828 241444.506
1.950000 79.398 27.602 4.828 241411.219
1.951000 79.398 27.598 4.828 241458.942
1.952000 79.398 27.594 4.828 241585.048
1.953000 79.397 27.590 4.828 241606.694
1.954000 79.397 27.586 4.828 241517.688
1.955000 79.397 27.582 4.828 241295.654
1.956000 79.397 27.578 4.828 241415.322
1.957000 79.396 27.574 4.828 241319.043
1.958000 79.396 27.569 4.828 241339.717
1.959000 79.396 27.565 4.828 241402.963
1.960000 79.395 27.561 4.828 241708.454
1.961000 79.395 27.557 4.828 241946.614
1.962000 79.395 27.553 4.828 241918.505
1.963000 79.395 27.549 4.828 241935.150
1.964000 79.394 27.545 4.828 241815.060
1.965000 79.394 27.541 4.828 241816.892
1.966000 79.394 27.537 4.828 242052.567
1.967000 79.394 27.532 4.828 242035.093
1.968000 79.393 27.528 4.828 242113.238
1.969000 79.393 27.524 4.828 242179.256
1.970000 79.393 27.520 4.828 242130.569
1.971000 79.392 27.516 4.828 242064.653
1.972000 79.392 27.512 4.828 242203.623
1.973000 79.392 27.508 4.828 242261.932
1.974000 79.392 27.504 4.828 242282.154
1.975000 79.391 27.500 4.828 242133.398
1.976000 79.391 27.496 4.828 242353.935
1.977000 79.391 27.491 4.828 242436.483
1.978000 79.390 27.487 4.828 242503.336
1.979000 79.390 27.483 4.828 242485.169
1.980000 79.390 27.479 4.828 242564.175
1.981000 79.390 27.475 4.828 242518.937
1.982000 79.389 27.471 4.828 242527.068
1.983000 79.389 27.467 4.828 242656.762
1.984000 79.389 27.463 4.828 242607.145
1.985000 79.389 27.459 4.828 242691.720
1.986000 79.388 27.455 4.828 242791.886
1.987000 79.388 27.451 4.828 242546.850
1.988000 79.388 27.447 4.828 242576.451
1.989000 79.387 27.443 4.828 242700.973
1.990000 79.387 27.438 4.828 242643.751
1.991000 79.387 27.434 4.828 242664.928
1.992000 79.387 27.430 4.828 242830.899
1.993000 79.386 27.426 4.828 242843.012
1.994000 79.386 27.422 4.828 242821.899
1.995000 79.386 27.418 4.828 242959.591
1.996000 79.386 27.414 4.828 242972.055
1.997000 79.385 27.410 4.828 243033.645
1.998000 79.385 27.406 4.828 243061.379
1.999000 79.385 27.402 4.828 243084.209
2.000000 79.385 27.398 4.828 243076.917
