0.001000 78.294 43.170 4.993 101724.812
0.002000 78.282 43.183 5.025 101595.410
0.003000 78.396 43.068 5.014 101547.055
0.004000 78.381 43.083 5.086 101532.935
0.005000 78.071 43.392 5.017 101530.942
0.006000 78.071 43.392 5.017 101530.494
0.007000 78.071 43.392 5.017 101530.403
0.008000 78.071 43.392 5.017 101530.643
0.009000 78.380 43.082 5.086 101531.506
0.010000 78.380 43.081 5.086 101532.494
0.011000 78.380 43.081 5.086 101533.508
0.012000 78.379 43.081 5.086 101534.460
0.013000 78.379 43.080 5.086 101535.292
0.014000 78.379 43.080 5.086 101535.975
0.015000 78.378 43.079 5.086 101536.501
0.016000 78.378 43.079 5.086 101536.872
0.017000 78.377 43.078 5.086 101537.096
0.018000 78.377 43.078 5.086 101537.186
0.019000 78.376 43.077 5.086 101537.160
0.020000 78.376 43.077 5.086 101537.034
0.021000 78.375 43.076 5.086 101536.831
0.022000 78.374 43.076 5.086 101536.565
0.023000 78.374 43.075 5.086 101536.260
0.024000 78.373 43.074 5.086 101535.939
0.025000 78.372 43.073 5.086 101535.624
0.026000 78.372 43.073 5.086 101535.319
0.027000 78.371 43.072 5.086 101535.027
0.028000 78.370 43.071 5.086 101534.774
0.029000 78.369 43.070 5.086 101534.565
0.030000 78.368 43.069 5.086 101534.402
0.031000 78.367 43.068 5.086 101534.286
0.032000 78.375 43.059 5.050 101534.215
0.033000 78.374 43.058 5.050 101534.193
0.034000 78.373 43.057 5.050 101534.217
0.035000 78.372 43.056 5.050 101534.294
0.036000 78.371 43.055 5.050 101534.440
0.037000 78.370 43.054 5.050 101534.657
0.038000 78.369 43.053 5.050 101534.938
0.039000 78.368 43.052 5.050 101535.269
0.040000 78.367 43.051 5.050 101535.641
0.041000 78.365 43.049 5.050 101536.046
0.042000 78.364 43.048 5.050 101536.480
0.043000 78.363 43.047 5.050 101536.939
0.044000 78.362 43.046 5.050 101537.425
0.045000 78.360 43.044 5.050 101537.929
0.046000 78.359 43.043 5.050 101538.438
0.047000 78.358 43.042 5.050 101538.940
0.048000 78.356 43.040 5.050 101539.427
0.049000 78.355 43.039 5.050 101539.898
0.050000 78.353 43.037 5.050 101540.356
0.051000 78.352 43.036 5.050 101540.809
0.052000 78.350 43.034 5.050 101541.264
0.053000 78.349 43.033 5.050 101541.723
0.054000 78.347 43.031 5.050 101542.198
0.055000 78.346 43.030 5.050 101542.693
0.056000 78.344 43.028 5.050 101543.202
0.057000 78.343 43.027 5.050 101543.712
0.058000 78.341 43.025 5.050 101544.205
0.059000 78.339 43.023 5.050 101544.661
0.060000 78.337 43.021 5.050 101545.062
0.061000 78.336 43.020 5.050 101545.389
0.062000 78.334 43.018 5.050 101545.655
0.063000 78.332 43.016 5.050 101545.882
0.064000 78.330 43.014 5.050 101546.090
0.065000 78.328 43.012 5.050 101546.295
0.066000 78.326 43.010 5.050 101546.504
0.067000 78.324 43.008 5.050 101546.713
0.068000 78.323 43.007 5.050 101546.922
0.069000 78.321 43.005 5.050 101547.139
0.070000 78.319 43.002 5.050 101547.378
0.071000 78.316 43.000 5.050 101547.654
0.072000 78.314 42.998 5.050 101547.987
0.073000 78.312 42.996 5.050 101548.372
0.074000 78.310 42.994 5.050 101548.778
0.075000 78.308 42.992 5.050 101549.174
0.076000 78.297 42.998 5.086 101549.534
0.077000 78.295 42.996 5.086 101549.845
0.078000 78.293 42.994 5.086 101550.134
0.079000 78.290 42.992 5.086 101550.410
0.080000 78.288 42.989 5.086 101550.674
0.081000 78.286 42.987 5.086 101550.947
0.082000 78.283 42.985 5.086 101551.243
0.083000 78.281 42.982 5.086 101551.560
0.084000 78.279 42.980 5.086 101551.885
0.085000 78.276 42.977 5.086 101552.212
0.086000 78.274 42.975 5.086 101552.554
0.087000 78.271 42.972 5.086 101552.937
0.088000 78.269 42.970 5.086 101553.384
0.089000 78.266 42.967 5.086 101553.886
0.090000 78.263 42.965 5.086 101554.400
0.091000 78.261 42.962 5.086 101554.862
0.092000 78.258 42.959 5.086 101555.237
0.093000 78.255 42.957 5.086 101555.541
0.094000 78.253 42.954 5.086 101555.828
0.095000 78.250 42.951 5.086 101556.160
0.096000 78.247 42.948 5.086 101556.578
0.097000 78.244 42.946 5.086 101557.089
0.098000 78.242 42.943 5.086 101557.661
0.099000 78.239 42.940 5.086 101558.242
0.100000 78.236 42.937 5.086 101558.776
0.101000 78.233 42.934 5.086 101559.234
0.102000 78.230 42.931 5.086 101559.628
0.103000 78.227 42.928 5.086 101560.013
0.104000 78.224 42.925 5.086 101560.463
0.105000 78.221 42.922 5.086 101561.033
0.106000 78.218 42.919 5.086 101561.731
0.107000 78.215 42.916 5.086 101562.514
0.108000 78.212 42.913 5.086 101563.296
0.109000 78.209 42.910 5.086 101563.995
0.110000 78.205 42.907 5.086 101564.568
0.111000 78.202 42.903 5.086 101565.011
0.112000 78.199 42.900 5.086 101565.361
0.113000 78.196 42.897 5.086 101565.673
0.114000 78.192 42.894 5.086 101565.985
0.115000 78.189 42.890 5.086 101566.307
0.116000 78.186 42.887 5.086 101566.640
0.117000 78.182 42.884 5.086 101566.999
0.118000 78.179 42.880 5.086 101567.420
0.119000 78.176 42.877 5.086 101567.930
0.120000 78.172 42.873 5.086 101568.519
0.121000 78.169 42.870 5.086 101569.138
0.122000 78.165 42.866 5.086 101569.730
0.123000 78.162 42.863 5.086 101570.257
0.124000 78.158 42.859 5.086 101570.701
0.125000 78.154 42.856 5.086 101571.054
0.126000 78.151 42.852 5.086 101571.308
0.127000 78.147 42.848 5.086 101571.471
0.128000 78.143 42.845 5.086 101571.567
0.129000 78.140 42.841 5.086 101571.644
0.130000 78.136 42.837 5.086 101571.749
0.131000 78.132 42.833 5.086 101571.912
0.132000 78.128 42.829 5.086 101572.142
0.133000 78.124 42.826 5.086 101572.429
0.134000 78.121 42.822 5.086 101572.757
0.135000 78.117 42.818 5.086 101573.107
0.136000 78.113 42.814 5.086 101573.460
0.137000 78.109 42.810 5.086 101573.803
0.138000 78.105 42.806 5.086 101574.133
0.139000 78.101 42.802 5.086 101574.471
0.140000 78.097 42.798 5.086 101574.860
0.141000 78.093 42.794 5.086 101575.330
0.142000 78.089 42.790 5.086 101575.870
0.143000 78.084 42.786 5.086 101576.433
0.144000 78.080 42.781 5.086 101576.979
0.145000 78.076 42.777 5.086 101577.505
0.146000 78.072 42.773 5.086 101578.047
0.147000 78.068 42.769 5.086 101578.656
0.148000 78.063 42.765 5.086 101579.370
0.149000 78.059 42.760 5.086 101580.188
0.150000 78.055 42.756 5.086 101581.058
0.151000 78.050 42.752 5.086 101581.915
0.152000 78.046 42.747 5.086 101582.722
0.153000 78.042 42.743 5.086 101583.479
0.154000 78.037 42.738 5.086 101584.197
0.155000 78.033 42.734 5.086 101584.883
0.156000 78.028 42.729 5.086 101585.540
0.157000 78.024 42.725 5.086 101586.163
0.158000 78.019 42.720 5.086 101586.753
0.159000 78.014 42.716 5.086 101587.312
0.160000 78.010 42.711 5.086 101587.848
0.161000 78.005 42.706 5.086 101588.369
0.162000 78.001 42.702 5.086 101588.886
0.163000 77.996 42.697 5.086 101589.410
0.164000 77.991 42.692 5.086 101589.963
0.165000 77.986 42.688 5.086 101590.553
0.166000 77.982 42.683 5.086 101591.173
0.167000 77.977 42.678 5.086 101591.814
0.168000 77.972 42.673 5.086 101592.488
0.169000 77.967 42.668 5.086 101593.216
0.170000 77.962 42.663 5.086 101594.010
0.171000 77.957 42.658 5.086 101594.878
0.172000 77.952 42.653 5.086 101595.814
0.173000 77.947 42.648 5.086 101596.766
0.174000 77.942 42.643 5.086 101597.627
0.175000 77.937 42.638 5.086 101598.281
0.176000 77.932 42.633 5.086 101598.677
0.177000 77.927 42.628 5.086 101598.854
0.178000 77.922 42.623 5.086 101598.906
0.179000 77.917 42.618 5.086 101598.936
0.180000 77.911 42.613 5.086 101599.021
0.181000 77.906 42.607 5.086 101599.198
0.182000 77.901 42.602 5.086 101599.463
0.183000 77.896 42.597 5.086 101599.780
0.184000 77.890 42.592 5.086 101600.113
0.185000 77.885 42.586 5.086 101600.436
0.186000 77.880 42.581 5.086 101600.718
0.187000 77.874 42.575 5.086 101600.905
0.188000 77.869 42.570 5.086 101600.955
0.189000 77.863 42.565 5.086 101600.889
0.190000 77.858 42.559 5.086 101600.795
0.191000 77.852 42.554 5.086 101600.765
0.192000 77.847 42.548 5.086 101600.846
0.193000 77.841 42.542 5.086 101601.030
0.194000 77.836 42.537 5.086 101601.292
0.195000 77.830 42.531 5.086 101601.605
0.196000 77.824 42.526 5.086 101601.954
0.197000 77.819 42.520 5.086 101602.323
0.198000 77.813 42.514 5.086 101602.690
0.199000 77.807 42.508 5.086 101603.033
0.200000 77.801 42.503 5.086 101603.354
0.201000 77.796 42.497 5.086 101603.693
0.202000 77.790 42.491 5.086 101604.108
0.203000 77.784 42.485 5.086 101604.625
0.204000 77.778 42.479 5.086 101605.197
0.205000 77.772 42.473 5.086 101605.728
0.206000 77.766 42.467 5.086 101606.149
0.207000 77.760 42.461 5.086 101606.483
0.208000 77.754 42.455 5.086 101606.838
0.209000 77.748 42.449 5.086 101607.329
0.210000 77.742 42.443 5.086 101607.994
0.211000 77.736 42.437 5.086 101608.763
0.212000 77.730 42.431 5.086 101609.502
0.213000 77.724 42.425 5.086 101610.091
0.214000 77.718 42.419 5.086 101610.478
0.215000 77.711 42.413 5.086 101610.690
0.216000 77.705 42.406 5.086 101610.827
0.217000 77.699 42.400 5.086 101611.013
0.218000 77.693 42.394 5.086 101611.355
0.219000 77.686 42.387 5.086 101611.903
0.220000 77.680 42.381 5.086 101612.632
0.221000 77.674 42.375 5.086 101613.445
0.222000 77.667 42.368 5.086 101614.232
0.223000 77.661 42.362 5.086 101614.930
0.224000 77.654 42.355 5.086 101615.551
0.225000 77.648 42.349 5.086 101616.153
0.226000 77.641 42.342 5.086 101616.777
0.227000 77.635 42.336 5.086 101617.415
0.228000 77.628 42.329 5.086 101618.027
0.229000 77.622 42.323 5.086 101618.589
0.230000 77.615 42.316 5.086 101619.121
0.231000 77.608 42.309 5.086 101619.664
0.232000 77.602 42.303 5.086 101620.250
0.233000 77.595 42.296 5.086 101620.891
0.234000 77.588 42.289 5.086 101621.596
0.235000 77.581 42.282 5.086 101622.377
0.236000 77.574 42.276 5.086 101623.245
0.237000 77.568 42.269 5.086 101624.172
0.238000 77.561 42.262 5.086 101625.094
0.239000 77.554 42.255 5.086 101625.957
0.240000 77.547 42.248 5.086 101626.759
0.241000 77.540 42.241 5.086 101627.543
0.242000 77.533 42.234 5.086 101628.355
0.243000 77.526 42.227 5.086 101629.205
0.244000 77.519 42.220 5.086 101630.071
0.245000 77.512 42.213 5.086 101630.791
0.246000 77.505 42.206 5.086 101626.623
0.247000 77.498 42.199 5.086 101625.049
0.248000 77.491 42.192 5.086 101624.833
0.249000 77.484 42.185 5.086 101625.172
0.250000 77.476 42.178 5.086 101625.696
0.251000 77.469 42.171 5.086 101626.216
0.252000 77.462 42.163 5.086 101626.600
0.253000 77.455 42.156 5.086 101626.795
0.254000 77.448 42.149 5.086 101626.871
0.255000 77.441 42.142 5.086 101626.996
0.256000 77.434 42.135 5.086 101627.369
0.257000 77.427 42.128 5.086 101628.108
0.258000 77.420 42.121 5.086 101629.187
0.259000 77.413 42.114 5.086 101630.437
0.260000 77.406 42.107 5.086 101631.624
0.261000 77.399 42.100 5.086 101632.554
0.262000 77.392 42.093 5.086 101633.133
0.263000 77.385 42.086 5.086 101633.380
0.264000 77.377 42.079 5.086 101633.383
0.265000 77.370 42.072 5.086 101633.272
0.266000 77.363 42.064 5.086 101633.146
0.267000 77.356 42.057 5.086 101633.060
0.268000 77.349 42.050 5.086 101633.019
0.269000 77.342 42.043 5.086 101632.997
0.270000 77.335 42.036 5.086 101632.970
0.271000 77.328 42.029 5.086 101632.921
0.272000 77.321 42.022 5.086 101632.838
0.273000 77.314 42.015 5.086 101632.745
0.274000 77.307 42.008 5.086 101632.689
0.275000 77.300 42.001 5.086 101632.729
0.276000 77.293 41.994 5.086 101632.894
0.277000 77.286 41.987 5.086 101633.185
0.278000 77.278 41.980 5.086 101633.596
0.279000 77.271 41.973 5.086 101634.068
0.280000 77.264 41.966 5.086 101634.524
0.281000 77.257 41.958 5.086 101634.893
0.282000 77.250 41.951 5.086 101635.143
0.283000 77.243 41.944 5.086 101635.317
0.284000 77.236 41.937 5.086 101635.498
0.285000 77.229 41.930 5.086 101635.777
0.286000 77.222 41.923 5.086 101636.194
0.287000 77.215 41.916 5.086 101636.735
0.288000 77.208 41.909 5.086 101637.343
0.289000 77.201 41.902 5.086 101637.958
0.290000 77.194 41.895 5.086 101638.548
0.291000 77.187 41.888 5.086 101639.085
0.292000 77.179 41.881 5.086 101639.554
0.293000 77.172 41.874 5.086 101639.965
0.294000 77.165 41.867 5.086 101640.364
0.295000 77.158 41.859 5.086 101640.783
0.296000 77.151 41.852 5.086 101641.247
0.297000 77.144 41.845 5.086 101641.771
0.298000 77.137 41.838 5.086 101642.357
0.299000 77.130 41.831 5.086 101643.007
0.300000 77.123 41.824 5.086 101643.687
0.301000 77.116 41.817 5.086 101644.349
0.302000 77.109 41.810 5.086 101644.911
0.303000 77.102 41.803 5.086 101645.327
0.304000 77.095 41.796 5.086 101645.625
0.305000 77.088 41.789 5.086 101645.898
0.306000 77.080 41.782 5.086 101646.199
0.307000 77.073 41.775 5.086 101646.494
0.308000 77.066 41.768 5.086 101646.751
0.309000 77.059 41.760 5.086 101646.985
0.310000 77.052 41.753 5.086 101647.252
0.311000 77.045 41.746 5.086 101647.628
0.312000 77.038 41.739 5.086 101648.125
0.313000 77.031 41.732 5.086 101648.726
0.314000 77.024 41.725 5.086 101649.462
0.315000 77.017 41.718 5.086 101650.291
0.316000 77.010 41.711 5.086 101651.163
0.317000 77.003 41.704 5.086 101652.057
0.318000 76.996 41.697 5.086 101652.961
0.319000 76.989 41.690 5.086 101653.861
0.320000 76.981 41.683 5.086 101654.755
0.321000 76.974 41.676 5.086 101655.603
0.322000 76.967 41.669 5.086 101656.447
0.323000 76.960 41.661 5.086 101657.293
0.324000 76.953 41.654 5.086 101658.058
0.325000 76.946 41.647 5.086 101658.729
0.326000 76.939 41.640 5.086 101659.421
0.327000 76.932 41.633 5.086 101660.273
0.328000 76.925 41.626 5.086 101661.381
0.329000 76.918 41.619 5.086 101662.781
0.330000 76.911 41.612 5.086 101664.596
0.331000 76.904 41.605 5.086 101666.671
0.332000 76.897 41.598 5.086 101668.907
0.333000 76.890 41.591 5.086 101671.366
0.334000 76.882 41.584 5.086 101674.095
0.335000 76.875 41.577 5.086 101676.979
0.336000 76.868 41.570 5.086 101679.939
0.337000 76.861 41.562 5.086 101682.932
0.338000 76.854 41.555 5.086 101685.556
0.339000 76.847 41.548 5.086 101687.928
0.340000 76.840 41.541 5.086 101690.345
0.341000 76.833 41.534 5.086 101692.911
0.342000 76.826 41.527 5.086 101695.838
0.343000 76.819 41.520 5.086 101699.179
0.344000 76.812 41.513 5.086 101702.604
0.345000 76.813 41.497 5.050 101706.403
0.346000 76.806 41.490 5.050 101710.716
0.347000 76.799 41.483 5.050 101715.560
0.348000 76.792 41.476 5.050 101720.991
0.349000 76.785 41.469 5.050 101726.580
0.350000 76.778 41.462 5.050 101732.394
0.351000 76.771 41.455 5.050 101738.574
0.352000 76.764 41.448 5.050 101745.400
0.353000 76.757 41.441 5.050 101753.084
0.354000 76.750 41.434 5.050 101762.178
0.355000 76.743 41.427 5.050 101771.829
0.356000 76.736 41.420 5.050 101782.579
0.357000 76.728 41.412 5.050 101793.865
0.358000 76.730 41.396 4.980 101808.226
0.359000 76.723 41.389 4.980 101824.521
0.360000 76.716 41.382 4.980 101842.451
0.361000 76.709 41.375 4.980 101861.670
0.362000 76.702 41.368 4.980 101884.368
0.363000 76.695 41.361 4.980 101910.382
0.364000 76.688 41.354 4.980 101937.502
0.365000 76.681 41.347 4.980 101972.703
0.366000 76.674 41.340 4.980 102011.588
0.367000 76.667 41.333 4.980 102056.805
0.368000 76.660 41.326 4.980 102122.117
0.369000 76.653 41.318 4.980 102193.929
0.370000 76.646 41.311 4.980 102321.061
0.371000 76.639 41.304 4.980 102442.197
0.372000 76.632 41.297 4.980 102731.007
0.373000 76.624 41.290 4.980 103038.681
0.374000 76.617 41.283 4.980 104478.844
0.375000 76.610 41.276 4.980 110849.648
0.376000 76.599 41.272 4.946 123295.761
0.377000 76.592 41.265 4.946 138534.679
0.378000 76.589 41.254 4.980 161262.964
0.379000 76.582 41.247 4.980 182329.455
0.380000 76.572 41.243 5.014 200938.718
0.381000 76.564 41.236 5.014 219014.594
0.382000 76.557 41.229 5.014 232171.047
0.383000 76.545 41.227 5.050 244181.263
0.384000 76.529 41.229 5.086 252451.044
0.385000 76.522 41.221 5.086 259034.199
0.386000 76.515 41.214 5.086 263853.125
0.387000 76.508 41.207 5.086 267029.760
0.388000 76.435 41.265 5.004 277370.742
0.389000 76.406 41.280 4.993 289431.709
0.390000 76.382 41.290 4.970 298419.661
0.391000 76.356 41.302 4.944 301711.784
0.392000 76.332 41.312 4.972 300020.488
0.393000 76.325 41.304 4.972 294888.489
0.394000 76.301 41.314 4.999 290283.290
0.395000 76.275 41.326 4.975 285818.453
0.396000 76.237 41.350 5.016 285274.199
0.397000 76.207 41.365 5.016 289336.619
0.398000 76.152 41.407 4.904 306674.149
0.399000 76.145 41.399 4.904 321256.164
0.400000 76.138 41.392 4.904 316203.614
0.401000 76.131 41.385 4.904 301491.705
0.402000 76.125 41.378 4.904 284303.780
0.403000 76.087 41.401 5.017 268976.306
0.404000 76.080 41.394 5.017 257140.410
0.405000 76.074 41.387 5.017 246331.918
0.406000 76.067 41.380 5.017 237519.703
0.407000 76.060 41.372 5.017 230450.893
0.408000 76.053 41.365 5.017 224650.033
0.409000 76.047 41.358 5.017 219740.476
0.410000 76.368 41.023 4.980 215788.888
0.411000 76.361 41.016 4.980 214689.005
0.412000 76.355 41.009 4.980 213782.921
0.413000 76.348 41.002 4.980 213164.486
0.414000 76.341 40.994 4.980 212887.565
0.415000 76.335 40.987 4.980 212920.415
0.416000 76.328 40.980 4.980 213168.056
0.417000 76.322 40.973 4.980 213518.186
0.418000 76.315 40.966 4.980 213877.522
0.419000 76.308 40.959 4.980 214179.337
0.420000 76.302 40.951 4.980 214387.765
0.421000 76.295 40.944 4.980 214229.684
0.422000 76.289 40.937 4.980 213801.664
0.423000 76.282 40.930 4.980 213335.202
0.424000 76.276 40.923 4.980 212846.223
0.425000 76.269 40.915 4.980 212364.138
0.426000 76.263 40.908 4.980 211898.818
0.427000 76.256 40.901 4.980 211443.603
0.428000 76.250 40.894 4.980 210985.127
0.429000 76.243 40.887 4.980 210509.984
0.430000 76.237 40.880 4.980 210011.692
0.431000 76.230 40.872 4.980 209494.170
0.432000 76.224 40.865 4.980 208963.644
0.433000 76.218 40.858 4.980 208435.416
0.434000 76.211 40.851 4.980 207917.546
0.435000 76.205 40.844 4.980 207421.267
0.436000 76.198 40.836 4.980 206973.824
0.437000 76.192 40.829 4.980 206585.896
0.438000 76.186 40.822 4.980 206262.909
0.439000 76.179 40.815 4.980 206003.267
0.440000 76.173 40.808 4.980 205798.728
0.441000 76.167 40.800 4.980 205630.339
0.442000 76.160 40.793 4.980 205490.572
0.443000 76.154 40.786 4.980 205364.226
0.444000 76.148 40.779 4.980 205236.021
0.445000 76.141 40.772 4.980 205096.091
0.446000 76.135 40.764 4.980 204942.104
0.447000 76.129 40.757 4.980 204779.143
0.448000 76.123 40.750 4.980 204600.370
0.449000 76.116 40.743 4.980 204389.772
0.450000 76.110 40.736 4.980 204151.255
0.451000 76.104 40.728 4.980 203917.798
0.452000 76.098 40.721 4.980 203673.490
0.453000 76.091 40.714 4.980 203410.015
0.454000 76.085 40.707 4.980 203155.176
0.455000 76.079 40.699 4.980 202931.934
0.456000 76.073 40.692 4.980 202746.184
0.457000 76.067 40.685 4.980 202602.055
0.458000 76.061 40.678 4.980 202489.526
0.459000 76.054 40.671 4.980 202376.926
0.460000 76.048 40.663 4.980 202242.816
0.461000 76.042 40.656 4.980 202088.683
0.462000 76.036 40.649 4.980 201828.023
0.463000 76.030 40.642 4.980 201512.218
0.464000 76.024 40.634 4.980 201181.487
0.465000 76.018 40.627 4.980 200845.163
0.466000 76.012 40.620 4.980 200521.524
0.467000 76.006 40.613 4.980 200195.952
0.468000 76.000 40.605 4.980 199863.503
0.469000 75.994 40.598 4.980 199526.289
0.470000 75.987 40.591 4.980 199200.595
0.471000 75.981 40.584 4.980 198876.455
0.472000 75.975 40.576 4.980 198548.680
0.473000 75.641 40.896 5.017 198449.867
0.474000 75.635 40.889 5.017 198378.261
0.475000 75.629 40.882 5.017 198317.530
0.476000 75.623 40.874 5.017 198261.125
0.477000 75.617 40.867 5.017 198195.192
0.478000 75.611 40.860 5.017 198112.747
0.479000 75.605 40.853 5.017 198014.877
0.480000 75.599 40.845 5.017 197905.260
0.481000 75.593 40.838 5.017 197789.083
0.482000 75.587 40.831 5.017 197663.454
0.483000 75.581 40.823 5.017 197529.181
0.484000 75.575 40.816 5.017 197386.680
0.485000 75.569 40.809 5.017 197246.126
0.486000 75.563 40.802 5.017 197111.120
0.487000 75.557 40.794 5.017 196991.514
0.488000 75.552 40.787 5.017 196887.923
0.489000 75.546 40.780 5.017 196789.227
0.490000 75.540 40.772 5.017 196691.526
0.491000 75.534 40.765 5.017 196593.038
0.492000 75.528 40.758 5.017 196499.211
0.493000 75.522 40.751 5.017 196406.348
0.494000 75.516 40.743 5.017 196316.004
0.495000 75.511 40.736 5.017 196234.836
0.496000 75.505 40.729 5.017 196141.077
0.497000 75.499 40.721 5.017 196017.695
0.498000 75.493 40.714 5.017 195864.347
0.499000 75.487 40.707 5.017 195707.762
0.500000 75.482 40.699 5.017 195569.118
0.501000 75.476 40.692 5.017 195449.631
0.502000 75.470 40.685 5.017 195334.829
0.503000 75.464 40.677 5.017 195205.143
0.504000 75.459 40.670 5.017 195092.003
0.505000 75.453 40.663 5.017 194984.111
0.506000 75.447 40.656 5.017 194895.448
0.507000 75.441 40.648 5.017 194819.082
0.508000 75.436 40.641 5.017 194738.331
0.509000 75.430 40.634 5.017 194649.553
0.510000 75.424 40.626 5.017 194560.380
0.511000 75.419 40.619 5.017 194473.861
0.512000 75.413 40.612 5.017 194385.129
0.513000 75.407 40.604 5.017 194310.933
0.514000 75.402 40.597 5.017 194209.823
0.515000 75.396 40.590 5.017 194106.282
0.516000 75.390 40.582 5.017 193996.788
0.517000 75.385 40.575 5.017 193883.939
0.518000 75.379 40.568 5.017 193731.799
0.519000 75.373 40.560 5.017 193576.684
0.520000 75.368 40.553 5.017 193421.498
0.521000 75.362 40.545 5.017 193297.269
0.522000 75.357 40.538 5.017 193197.216
0.523000 75.351 40.531 5.017 193089.572
0.524000 75.345 40.523 5.017 193001.972
0.525000 75.340 40.516 5.017 192944.023
0.526000 75.334 40.509 5.017 192860.319
0.527000 75.329 40.501 5.017 192769.144
0.528000 75.323 40.494 5.017 192680.270
0.529000 75.318 40.487 5.017 192596.625
0.530000 75.312 40.479 5.017 192517.743
0.531000 75.307 40.472 5.017 192450.410
0.532000 75.301 40.465 5.017 192392.719
0.533000 75.296 40.457 5.017 192329.309
0.534000 75.290 40.450 5.017 192227.012
0.535000 75.285 40.442 5.017 192055.615
0.536000 75.279 40.435 5.017 191943.961
0.537000 75.274 40.428 5.017 191820.339
0.538000 75.268 40.420 5.017 191722.360
0.539000 75.263 40.413 5.017 191627.076
0.540000 75.257 40.406 5.017 191552.924
0.541000 75.252 40.398 5.017 191474.257
0.542000 75.246 40.391 5.017 191383.864
0.543000 75.241 40.383 5.017 191302.047
0.544000 75.236 40.376 5.017 191200.140
0.545000 75.230 40.369 5.017 191125.658
0.546000 75.225 40.361 5.017 191052.038
0.547000 75.219 40.354 5.017 190953.508
0.548000 75.214 40.347 5.017 190858.378
0.549000 75.209 40.339 5.017 190773.879
0.550000 75.203 40.332 5.017 190733.481
0.551000 75.198 40.324 5.017 190663.523
0.552000 75.193 40.317 5.017 190564.649
0.553000 75.187 40.310 5.017 190539.515
0.554000 75.182 40.302 5.017 190507.913
0.555000 75.176 40.295 5.017 190402.718
0.556000 75.171 40.287 5.017 190260.012
0.557000 75.166 40.280 5.017 190154.796
0.558000 75.161 40.273 5.017 190084.107
0.559000 75.155 40.265 5.017 189983.663
0.560000 75.150 40.258 5.017 189928.383
0.561000 75.145 40.250 5.017 189846.315
0.562000 75.139 40.243 5.017 189766.202
0.563000 75.134 40.235 5.017 189667.099
0.564000 75.129 40.228 5.017 189596.559
0.565000 75.124 40.221 5.017 189490.311
0.566000 75.118 40.213 5.017 189389.336
0.567000 75.113 40.206 5.017 189314.378
0.568000 75.108 40.198 5.017 189242.216
0.569000 75.103 40.191 5.017 189199.003
0.570000 75.097 40.184 5.017 189145.671
0.571000 75.092 40.176 5.017 189052.711
0.572000 75.087 40.169 5.017 188974.263
0.573000 75.082 40.161 5.017 188872.037
0.574000 75.077 40.154 5.017 188792.137
0.575000 75.071 40.146 5.017 188691.734
0.576000 75.066 40.139 5.017 188582.658
0.577000 75.061 40.131 5.017 188490.192
0.578000 75.056 40.124 5.017 188449.293
0.579000 75.051 40.117 5.017 188351.733
0.580000 75.046 40.109 5.017 188315.001
0.581000 75.040 40.102 5.017 188285.656
0.582000 75.035 40.094 5.017 188265.288
0.583000 75.030 40.087 5.017 188210.363
0.584000 75.025 40.079 5.017 188135.338
0.585000 75.020 40.072 5.017 188053.726
0.586000 75.015 40.064 5.017 188004.577
0.587000 75.010 40.057 5.017 187906.876
0.588000 75.005 40.050 5.017 187856.151
0.589000 75.000 40.042 5.017 187784.432
0.590000 74.994 40.035 5.017 187719.377
0.591000 74.989 40.027 5.017 187597.842
0.592000 74.984 40.020 5.017 187476.161
0.593000 74.979 40.012 5.017 187407.189
0.594000 74.974 40.005 5.017 187348.495
0.595000 74.969 39.997 5.017 187322.136
0.596000 74.964 39.990 5.017 187210.646
0.597000 74.959 39.982 5.017 187148.852
0.598000 74.954 39.975 5.017 187090.177
0.599000 74.949 39.967 5.017 187002.043
0.600000 74.944 39.960 5.017 186965.228
0.601000 74.939 39.953 5.017 186924.436
0.602000 74.934 39.945 5.017 186897.830
0.603000 74.929 39.938 5.017 186817.662
0.604000 74.924 39.930 5.017 186758.578
0.605000 74.919 39.923 5.017 186656.770
0.606000 74.914 39.915 5.017 186570.645
0.607000 74.909 39.908 5.017 186503.942
0.608000 74.904 39.900 5.017 186426.549
0.609000 74.899 39.893 5.017 186370.166
0.610000 74.895 39.885 5.017 186228.034
0.611000 74.890 39.878 5.017 186104.667
0.612000 74.885 39.870 5.017 186058.861
0.613000 74.880 39.863 5.017 186032.763
0.614000 74.875 39.855 5.017 185980.209
0.615000 74.870 39.848 5.017 185908.787
0.616000 74.865 39.840 5.017 185795.653
0.617000 74.860 39.833 5.017 185756.812
0.618000 74.855 39.825 5.017 185744.606
0.619000 74.851 39.818 5.017 185694.507
0.620000 74.846 39.810 5.017 185662.123
0.621000 74.841 39.803 5.017 185627.862
0.622000 74.836 39.795 5.017 185550.950
0.623000 74.831 39.788 5.017 185492.263
0.624000 74.826 39.780 5.017 185400.848
0.625000 74.822 39.773 5.017 185380.607
0.626000 74.817 39.765 5.017 185306.395
0.627000 74.812 39.758 5.017 185189.656
0.628000 74.807 39.750 5.017 185118.897
0.629000 74.802 39.743 5.017 185063.729
0.630000 74.798 39.735 5.017 184932.876
0.631000 74.793 39.727 5.017 184893.072
0.632000 74.788 39.720 5.017 184860.951
0.633000 74.783 39.712 5.017 184727.997
0.634000 74.778 39.705 5.017 184603.062
0.635000 74.774 39.697 5.017 184473.426
0.636000 74.769 39.690 5.017 184419.715
0.637000 74.764 39.682 5.017 184492.551
0.638000 74.759 39.675 5.017 184495.548
0.639000 74.755 39.667 5.017 184350.644
0.640000 74.750 39.660 5.017 184310.629
0.641000 74.745 39.652 5.017 184255.420
0.642000 74.741 39.645 5.017 184230.973
0.643000 74.736 39.637 5.017 184184.995
0.644000 74.731 39.630 5.017 184055.398
0.645000 74.727 39.622 5.017 183966.948
0.646000 74.722 39.614 5.017 183879.115
0.647000 74.717 39.607 5.017 183851.387
0.648000 74.713 39.599 5.017 183791.545
0.649000 74.708 39.592 5.017 183624.077
0.650000 74.703 39.584 5.017 183590.360
0.651000 74.699 39.577 5.017 183552.046
0.652000 74.694 39.569 5.017 183513.676
0.653000 74.689 39.562 5.017 183467.819
0.654000 74.685 39.554 5.017 183409.233
0.655000 74.680 39.547 5.017 183291.621
0.656000 74.675 39.539 5.017 183234.821
0.657000 74.671 39.531 5.017 183150.346
0.658000 74.666 39.524 5.017 183017.043
0.659000 74.662 39.516 5.017 182887.921
0.660000 74.657 39.509 5.017 182865.880
0.661000 74.652 39.501 5.017 182853.163
0.662000 74.648 39.494 5.017 182776.345
0.663000 74.643 39.486 5.017 182733.236
0.664000 74.639 39.479 5.017 182688.938
0.665000 74.948 39.165 5.086 182776.891
0.666000 74.943 39.157 5.086 182737.403
0.667000 74.939 39.150 5.086 182798.002
0.668000 74.934 39.142 5.086 182953.326
0.669000 74.930 39.135 5.086 183110.138
0.670000 74.925 39.127 5.086 183398.597
0.671000 74.921 39.120 5.086 183511.696
0.672000 74.916 39.112 5.086 183671.353
0.673000 74.912 39.105 5.086 183736.607
0.674000 74.907 39.097 5.086 183874.442
0.675000 74.902 39.090 5.086 183999.520
0.676000 74.898 39.082 5.086 184161.121
0.677000 74.893 39.075 5.086 184171.444
0.678000 74.889 39.067 5.086 184348.013
0.679000 74.884 39.060 5.086 184438.826
0.680000 74.880 39.052 5.086 184541.946
0.681000 74.875 39.045 5.086 184590.651
0.682000 74.870 39.038 5.086 184741.418
0.683000 74.866 39.030 5.086 184531.746
0.684000 74.861 39.023 5.086 184392.895
0.685000 74.856 39.016 5.086 184154.218
0.686000 74.852 39.008 5.086 183760.313
0.687000 74.847 39.001 5.086 183381.593
0.688000 74.842 38.994 5.086 183009.653
0.689000 74.837 38.987 5.086 182605.135
0.690000 74.833 38.979 5.086 182306.764
0.691000 74.828 38.972 5.086 181985.853
0.692000 74.823 38.965 5.086 181722.486
0.693000 74.818 38.958 5.086 181466.849
0.694000 74.814 38.951 5.086 181211.068
0.695000 74.809 38.943 5.086 181059.008
0.696000 74.804 38.936 5.086 180882.330
0.697000 74.799 38.929 5.086 180744.134
0.698000 74.794 38.922 5.086 180816.313
0.699000 74.790 38.915 5.086 180734.160
0.700000 74.785 38.907 5.086 180851.967
0.701000 74.780 38.900 5.086 181141.744
0.702000 74.775 38.893 5.086 181466.620
0.703000 74.771 38.886 5.086 181627.965
0.704000 74.766 38.879 5.086 181730.243
0.705000 74.761 38.872 5.086 181912.711
0.706000 74.756 38.864 5.086 182077.343
0.707000 74.751 38.857 5.086 182363.734
0.708000 74.747 38.850 5.086 182551.732
0.709000 74.742 38.843 5.086 182805.038
0.710000 74.737 38.836 5.086 183039.760
0.711000 74.732 38.829 5.086 182946.459
0.712000 74.727 38.822 5.086 182773.905
0.713000 74.722 38.815 5.086 182849.987
0.714000 74.717 38.808 5.086 182906.643
0.715000 74.712 38.801 5.086 182680.870
0.716000 74.707 38.794 5.086 182407.111
0.717000 74.703 38.787 5.086 182288.146
0.718000 74.698 38.780 5.086 182170.272
0.719000 74.693 38.773 5.086 182024.599
0.720000 74.688 38.766 5.086 181670.539
0.721000 74.683 38.760 5.086 181368.792
0.722000 74.678 38.753 5.086 181273.209
0.723000 74.673 38.746 5.086 181063.821
0.724000 74.668 38.739 5.086 180957.276
0.725000 74.663 38.732 5.086 180736.701
0.726000 74.658 38.725 5.086 180778.523
0.727000 74.653 38.718 5.086 180777.824
0.728000 74.648 38.711 5.086 180736.952
0.729000 74.643 38.705 5.086 180678.912
0.730000 74.638 38.698 5.086 180848.037
0.731000 74.633 38.691 5.086 180932.963
0.732000 74.628 38.684 5.086 181147.969
0.733000 74.623 38.677 5.086 181355.816
0.734000 74.618 38.670 5.086 181495.323
0.735000 74.613 38.664 5.086 181686.772
0.736000 74.608 38.657 5.086 181929.481
0.737000 74.603 38.650 5.086 181981.546
0.738000 74.598 38.643 5.086 181946.108
0.739000 74.593 38.637 5.086 182186.376
0.740000 74.588 38.630 5.086 182273.608
0.741000 74.583 38.623 5.086 182283.883
0.742000 74.578 38.616 5.086 182285.379
0.743000 74.573 38.610 5.086 182235.402
0.744000 74.568 38.603 5.086 182294.416
0.745000 74.563 38.596 5.086 182115.360
0.746000 74.558 38.590 5.086 181997.337
0.747000 74.553 38.583 5.086 181821.999
0.748000 74.548 38.576 5.086 181834.774
0.749000 74.542 38.570 5.086 181821.791
0.750000 74.537 38.563 5.086 181747.782
0.751000 74.532 38.556 5.086 181703.217
0.752000 74.527 38.550 5.086 181632.989
0.753000 74.522 38.543 5.086 181501.726
0.754000 74.517 38.537 5.086 181327.329
0.755000 74.512 38.530 5.086 181280.761
0.756000 74.507 38.523 5.086 181486.112
0.757000 74.502 38.517 5.086 181785.200
0.758000 74.497 38.510 5.086 181687.485
0.759000 74.492 38.503 5.086 181853.469
0.760000 74.487 38.497 5.086 182039.193
0.761000 74.482 38.490 5.086 181994.817
0.762000 74.477 38.484 5.086 182149.291
0.763000 74.472 38.477 5.086 182285.974
0.764000 74.467 38.471 5.086 182395.389
0.765000 74.462 38.464 5.086 182632.422
0.766000 74.457 38.457 5.086 182788.535
0.767000 74.452 38.451 5.086 182862.142
0.768000 74.447 38.444 5.086 183068.900
0.769000 74.442 38.438 5.086 183161.823
0.770000 74.436 38.431 5.086 183293.041
0.771000 74.431 38.425 5.086 183402.016
0.772000 74.426 38.418 5.086 183519.552
0.773000 74.421 38.411 5.086 183472.531
0.774000 74.417 38.405 5.086 183403.218
0.775000 74.412 38.398 5.086 183385.486
0.776000 74.407 38.392 5.086 183378.097
0.777000 74.402 38.385 5.086 183338.890
0.778000 74.397 38.379 5.086 183137.074
0.779000 74.392 38.372 5.086 183029.071
0.780000 74.387 38.365 5.086 182901.430
0.781000 74.382 38.359 5.086 182886.765
0.782000 74.377 38.352 5.086 182756.838
0.783000 74.372 38.346 5.086 182526.454
0.784000 74.367 38.339 5.086 182352.919
0.785000 74.362 38.333 5.086 182232.381
0.786000 74.357 38.326 5.086 182154.783
0.787000 74.352 38.319 5.086 182067.281
0.788000 74.347 38.313 5.086 181786.150
0.789000 74.343 38.306 5.086 181596.269
0.790000 74.338 38.300 5.086 181384.926
0.791000 74.333 38.293 5.086 181170.192
0.792000 74.328 38.287 5.086 180929.277
0.793000 74.323 38.280 5.086 180509.120
0.794000 74.318 38.274 5.086 180253.342
0.795000 74.313 38.267 5.086 180243.984
0.796000 74.309 38.260 5.086 180036.494
0.797000 74.304 38.254 5.086 179766.231
0.798000 74.299 38.247 5.086 179571.699
0.799000 74.294 38.241 5.086 179535.900
0.800000 74.289 38.234 5.086 179328.495
0.801000 74.284 38.228 5.086 179158.907
0.802000 74.279 38.221 5.086 179018.671
0.803000 74.275 38.215 5.086 178905.218
0.804000 74.270 38.208 5.086 178786.600
0.805000 74.265 38.202 5.086 178613.479
0.806000 74.260 38.195 5.086 178455.976
0.807000 74.255 38.189 5.086 178506.400
0.808000 74.250 38.182 5.086 178443.599
0.809000 74.245 38.176 5.086 178480.008
0.810000 74.241 38.169 5.086 178502.575
0.811000 74.236 38.163 5.086 178436.739
0.812000 74.231 38.157 5.086 178349.200
0.813000 74.226 38.150 5.086 178437.854
0.814000 74.221 38.144 5.086 178670.346
0.815000 74.216 38.137 5.086 178726.239
0.816000 74.212 38.131 5.086 178876.075
0.817000 74.207 38.124 5.086 179071.400
0.818000 74.202 38.118 5.086 179146.972
0.819000 74.197 38.111 5.086 179171.787
0.820000 74.192 38.105 5.086 179293.501
0.821000 74.187 38.099 5.086 179452.504
0.822000 74.183 38.092 5.086 179605.861
0.823000 74.178 38.086 5.086 179755.512
0.824000 74.173 38.079 5.086 179784.250
0.825000 74.168 38.073 5.086 179931.421
0.826000 74.163 38.067 5.086 180118.537
0.827000 74.159 38.060 5.086 180197.876
0.828000 74.154 38.054 5.086 180291.390
0.829000 74.149 38.047 5.086 180234.075
0.830000 74.144 38.041 5.086 180175.995
0.831000 74.139 38.035 5.086 180160.576
0.832000 74.135 38.028 5.086 180089.837
0.833000 74.130 38.022 5.086 179975.366
0.834000 74.125 38.015 5.086 179961.586
0.835000 74.120 38.009 5.086 179927.503
0.836000 74.116 38.003 5.086 179772.569
0.837000 74.111 37.996 5.086 179666.980
0.838000 74.106 37.990 5.086 179709.978
0.839000 74.101 37.983 5.086 179589.488
0.840000 74.097 37.977 5.086 179504.107
0.841000 74.092 37.971 5.086 179237.491
0.842000 74.087 37.964 5.086 179051.707
0.843000 74.083 37.958 5.086 178797.356
0.844000 74.078 37.952 5.086 178660.586
0.845000 74.073 37.945 5.086 178627.122
0.846000 74.068 37.939 5.086 178437.974
0.847000 74.064 37.932 5.086 178262.093
0.848000 74.059 37.926 5.086 178231.336
0.849000 74.054 37.920 5.086 178077.159
0.850000 74.050 37.913 5.086 177774.218
0.851000 74.045 37.907 5.086 177778.209
0.852000 74.040 37.901 5.086 177602.192
0.853000 74.036 37.894 5.086 177427.407
0.854000 74.031 37.888 5.086 177409.481
0.855000 74.026 37.882 5.086 177407.603
0.856000 74.022 37.875 5.086 177501.446
0.857000 74.017 37.869 5.086 177516.743
0.858000 74.012 37.863 5.086 177266.790
0.859000 74.008 37.856 5.086 177205.674
0.860000 74.003 37.850 5.086 177069.546
0.861000 73.998 37.844 5.086 177072.067
0.862000 73.994 37.837 5.086 177230.455
0.863000 73.989 37.831 5.086 177251.962
0.864000 73.985 37.825 5.086 177304.576
0.865000 73.980 37.819 5.086 177241.612
0.866000 73.975 37.812 5.086 177272.337
0.867000 73.971 37.806 5.086 177239.266
0.868000 73.966 37.800 5.086 177391.388
0.869000 73.961 37.793 5.086 177741.361
0.870000 73.957 37.787 5.086 177790.207
0.871000 73.952 37.781 5.086 177825.329
0.872000 73.947 37.775 5.086 177763.076
0.873000 73.943 37.768 5.086 177719.717
0.874000 73.938 37.762 5.086 177687.860
0.875000 73.934 37.756 5.086 177849.143
0.876000 73.929 37.750 5.086 177937.454
0.877000 73.924 37.743 5.086 178015.795
0.878000 73.920 37.737 5.086 178061.289
0.879000 73.915 37.731 5.086 178094.978
0.880000 73.911 37.725 5.086 178072.651
0.881000 73.906 37.718 5.086 177955.815
0.882000 73.902 37.712 5.086 178076.782
0.883000 73.897 37.706 5.086 178136.944
0.884000 73.892 37.700 5.086 177972.059
0.885000 73.888 37.694 5.086 177879.271
0.886000 73.883 37.687 5.086 177897.416
0.887000 73.879 37.681 5.086 177877.882
0.888000 73.874 37.675 5.086 177944.509
0.889000 73.870 37.669 5.086 177897.694
0.890000 73.865 37.662 5.086 177737.104
0.891000 73.861 37.656 5.086 177709.030
0.892000 73.856 37.650 5.086 177609.511
0.893000 73.852 37.644 5.086 177472.482
0.894000 73.847 37.638 5.086 177444.204
0.895000 73.843 37.631 5.086 177338.123
0.896000 73.838 37.625 5.086 177199.802
0.897000 73.834 37.619 5.086 176984.776
0.898000 73.829 37.613 5.086 176980.435
0.899000 73.825 37.607 5.086 176960.838
0.900000 73.820 37.601 5.086 177052.143
0.901000 73.816 37.594 5.086 176977.803
0.902000 73.811 37.588 5.086 176825.295
0.903000 73.807 37.582 5.086 176687.527
0.904000 73.802 37.576 5.086 176482.695
0.905000 73.798 37.570 5.086 176399.253
0.906000 73.793 37.564 5.086 176240.201
0.907000 73.789 37.557 5.086 176295.630
0.908000 73.784 37.551 5.086 176132.522
0.909000 73.780 37.545 5.086 176098.222
0.910000 73.775 37.539 5.086 176068.517
0.911000 73.771 37.533 5.086 176151.176
0.912000 73.766 37.527 5.086 176112.187
0.913000 73.762 37.521 5.086 176099.927
0.914000 73.757 37.515 5.086 176163.317
0.915000 73.753 37.509 5.086 176204.335
0.916000 73.749 37.502 5.086 176265.745
0.917000 73.744 37.496 5.086 176077.803
0.918000 73.740 37.490 5.086 175960.854
0.919000 73.735 37.484 5.086 176097.104
0.920000 73.731 37.478 5.086 176346.947
0.921000 73.726 37.472 5.086 176346.247
0.922000 73.722 37.466 5.086 176283.022
0.923000 73.718 37.460 5.086 176322.218
0.924000 73.713 37.454 5.086 176301.884
0.925000 73.709 37.448 5.086 176398.943
0.926000 73.704 37.442 5.086 176447.609
0.927000 73.700 37.436 5.086 176485.862
0.928000 73.695 37.430 5.086 176457.419
0.929000 73.691 37.424 5.086 176400.338
0.930000 73.687 37.418 5.086 176341.554
0.931000 73.682 37.412 5.086 176460.089
0.932000 73.678 37.406 5.086 176490.539
0.933000 73.674 37.400 5.086 176574.660
0.934000 73.669 37.394 5.086 176454.569
0.935000 73.665 37.388 5.086 176384.557
0.936000 73.660 37.382 5.086 176231.017
0.937000 73.656 37.376 5.086 176133.150
0.938000 73.652 37.370 5.086 176048.577
0.939000 73.647 37.364 5.086 175921.065
0.940000 73.643 37.358 5.086 175904.507
0.941000 73.639 37.352 5.086 175898.686
0.942000 73.634 37.346 5.086 175889.373
0.943000 73.630 37.340 5.086 175819.900
0.944000 73.626 37.334 5.086 175725.796
0.945000 73.621 37.328 5.086 175624.484
0.946000 73.617 37.322 5.086 175551.907
0.947000 73.613 37.316 5.086 175351.194
0.948000 73.608 37.310 5.086 175342.664
0.949000 73.604 37.304 5.086 175168.763
0.950000 73.600 37.298 5.086 174926.487
0.951000 73.595 37.292 5.086 175059.351
0.952000 73.591 37.286 5.086 175128.577
0.953000 73.587 37.280 5.086 175108.433
0.954000 73.582 37.274 5.086 174864.387
0.955000 73.578 37.268 5.086 174931.978
0.956000 73.574 37.262 5.086 174893.919
0.957000 73.570 37.256 5.086 174709.017
0.958000 73.565 37.251 5.086 174736.797
0.959000 73.561 37.245 5.086 174746.149
0.960000 73.557 37.239 5.086 174733.672
0.961000 73.552 37.233 5.086 174668.602
0.962000 73.548 37.227 5.086 174665.083
0.963000 73.544 37.221 5.086 174716.035
0.964000 73.540 37.215 5.086 174740.201
0.965000 73.535 37.209 5.086 174707.561
0.966000 73.531 37.204 5.086 174677.303
0.967000 73.527 37.198 5.086 174690.952
0.968000 73.523 37.192 5.086 174691.335
0.969000 73.518 37.186 5.086 174570.169
0.970000 73.514 37.180 5.086 174475.316
0.971000 73.510 37.174 5.086 174535.893
0.972000 73.506 37.169 5.086 174615.599
0.973000 73.501 37.163 5.086 174501.052
0.974000 73.497 37.157 5.086 174531.093
0.975000 73.493 37.151 5.086 174619.112
0.976000 73.489 37.145 5.086 174639.762
0.977000 73.484 37.140 5.086 174577.758
0.978000 73.480 37.134 5.086 174552.194
0.979000 73.476 37.128 5.086 174489.673
0.980000 73.472 37.122 5.086 174444.403
0.981000 73.468 37.116 5.086 174330.116
0.982000 73.463 37.111 5.086 174232.808
0.983000 73.459 37.105 5.086 174161.377
0.984000 73.455 37.099 5.086 174195.597
0.985000 73.451 37.093 5.086 174115.604
0.986000 73.447 37.088 5.086 173852.478
0.987000 73.442 37.082 5.086 173916.858
0.988000 73.438 37.076 5.086 174053.932
0.989000 73.434 37.070 5.086 174153.326
0.990000 73.430 37.065 5.086 174036.232
0.991000 73.426 37.059 5.086 174047.211
0.992000 73.422 37.053 5.086 173974.516
0.993000 73.417 37.048 5.086 173882.877
0.994000 73.413 37.042 5.086 173773.707
0.995000 73.409 37.036 5.086 173690.086
0.996000 73.405 37.030 5.086 173741.638
0.997000 73.401 37.025 5.086 173821.608
0.998000 73.397 37.019 5.086 173842.109
0.999000 73.393 37.013 5.086 173739.825
1.000000 73.388 37.008 5.086 173514.100
1.001000 73.384 37.002 5.086 173537.291
1.002000 73.380 36.996 5.086 173428.764
1.003000 73.376 36.991 5.086 173368.573
1.004000 73.372 36.985 5.086 173327.876
1.005000 73.368 36.979 5.086 173467.267
1.006000 73.364 36.974 5.086 173418.617
1.007000 73.360 36.968 5.086 173401.424
1.008000 73.356 36.963 5.086 173449.247
1.009000 73.351 36.957 5.086 173398.409
1.010000 73.347 36.951 5.086 173425.535
1.011000 73.343 36.946 5.086 173379.198
1.012000 73.339 36.940 5.086 173320.378
1.013000 73.335 36.934 5.086 173280.868
1.014000 73.331 36.929 5.086 173303.903
1.015000 73.327 36.923 5.086 173312.547
1.016000 73.323 36.918 5.086 173204.087
1.017000 73.319 36.912 5.086 173202.391
1.018000 73.315 36.907 5.086 173213.052
1.019000 73.311 36.901 5.086 173197.050
1.020000 73.307 36.895 5.086 173207.788
1.021000 73.303 36.890 5.086 173145.795
1.022000 73.299 36.884 5.086 173140.397
1.023000 73.295 36.879 5.086 173046.161
1.024000 73.291 36.873 5.086 173079.082
1.025000 73.287 36.868 5.086 173134.291
1.026000 73.282 36.862 5.086 173318.382
1.027000 73.278 36.856 5.086 173237.246
1.028000 73.274 36.851 5.086 173209.825
1.029000 73.270 36.845 5.086 173136.842
1.030000 73.266 36.840 5.086 173097.882
1.031000 73.262 36.834 5.086 173099.551
1.032000 73.258 36.829 5.086 172994.670
1.033000 73.254 36.823 5.086 172988.448
1.034000 73.250 36.818 5.086 172998.680
1.035000 73.246 36.812 5.086 172907.138
1.036000 73.242 36.807 5.086 172892.613
1.037000 73.238 36.801 5.086 172863.564
1.038000 73.234 36.796 5.086 172710.212
1.039000 73.230 36.790 5.086 172782.442
1.040000 73.226 36.785 5.086 172815.797
1.041000 73.222 36.779 5.086 172685.844
1.042000 73.218 36.774 5.086 172695.078
1.043000 73.215 36.769 5.086 172732.774
1.044000 73.211 36.763 5.086 172874.656
1.045000 73.207 36.758 5.086 172771.596
1.046000 73.203 36.752 5.086 172731.347
1.047000 73.199 36.747 5.086 172734.516
1.048000 73.195 36.741 5.086 172614.568
1.049000 73.191 36.736 5.086 172650.037
1.050000 73.187 36.730 5.086 172616.371
1.051000 73.183 36.725 5.086 172586.549
1.052000 73.179 36.720 5.086 172503.403
1.053000 73.175 36.714 5.086 172642.464
1.054000 73.171 36.709 5.086 172683.467
1.055000 73.167 36.703 5.086 172627.220
1.056000 73.163 36.698 5.086 172499.118
1.057000 73.159 36.693 5.086 172489.088
1.058000 73.155 36.687 5.086 172397.729
1.059000 73.151 36.682 5.086 172550.613
1.060000 73.147 36.676 5.086 172513.117
1.061000 73.144 36.671 5.086 172403.484
1.062000 73.140 36.666 5.086 172483.934
1.063000 73.136 36.660 5.086 172406.271
1.064000 73.132 36.655 5.086 172365.098
1.065000 73.128 36.649 5.086 172448.355
1.066000 73.124 36.644 5.086 172452.659
1.067000 73.120 36.639 5.086 172361.419
1.068000 73.116 36.633 5.086 172223.652
1.069000 73.112 36.628 5.086 172287.588
1.070000 73.108 36.623 5.086 172329.827
1.071000 73.104 36.617 5.086 172160.881
1.072000 73.101 36.612 5.086 172013.330
1.073000 73.097 36.607 5.086 172088.593
1.074000 73.093 36.601 5.086 172060.766
1.075000 73.089 36.596 5.086 171903.408
1.076000 73.085 36.591 5.086 171871.436
1.077000 73.081 36.585 5.086 172012.472
1.078000 73.077 36.580 5.086 172012.651
1.079000 73.073 36.575 5.086 171997.493
1.080000 73.070 36.569 5.086 171979.696
1.081000 73.066 36.564 5.086 171980.072
1.082000 73.062 36.559 5.086 171897.007
1.083000 73.058 36.554 5.086 171813.188
1.084000 73.054 36.548 5.086 171789.254
1.085000 73.050 36.543 5.086 171763.265
1.086000 73.047 36.538 5.086 171748.827
1.087000 73.043 36.533 5.086 171773.372
1.088000 73.039 36.527 5.086 171772.255
1.089000 73.035 36.522 5.086 171750.831
1.090000 73.031 36.517 5.086 171763.499
1.091000 73.027 36.511 5.086 171695.013
1.092000 73.024 36.506 5.086 171648.458
1.093000 73.020 36.501 5.086 171721.868
1.094000 73.016 36.496 5.086 171726.969
1.095000 73.012 36.490 5.086 171745.346
1.096000 73.008 36.485 5.086 171850.006
1.097000 73.004 36.480 5.086 171873.856
1.098000 73.001 36.475 5.086 171876.031
1.099000 72.997 36.470 5.086 171832.721
1.100000 72.993 36.464 5.086 171807.799
1.101000 72.989 36.459 5.086 171885.902
1.102000 72.985 36.454 5.086 171822.726
1.103000 72.982 36.449 5.086 171772.759
1.104000 72.978 36.444 5.086 171657.080
1.105000 72.974 36.438 5.086 171641.683
1.106000 72.970 36.433 5.086 171650.811
1.107000 72.967 36.428 5.086 171752.158
1.108000 72.963 36.423 5.086 171598.676
1.109000 72.959 36.418 5.086 171498.291
1.110000 72.955 36.412 5.086 171399.790
1.111000 72.951 36.407 5.086 171533.052
1.112000 72.948 36.402 5.086 171692.731
1.113000 72.944 36.397 5.086 171756.538
1.114000 72.940 36.392 5.086 171734.432
1.115000 72.936 36.387 5.086 171742.369
1.116000 72.933 36.381 5.086 171747.285
1.117000 72.929 36.376 5.086 171701.952
1.118000 72.925 36.371 5.086 171547.627
1.119000 72.921 36.366 5.086 171476.753
1.120000 72.918 36.361 5.086 171456.822
1.121000 72.914 36.356 5.086 171442.398
1.122000 72.910 36.351 5.086 171424.857
1.123000 72.906 36.346 5.086 171245.555
1.124000 72.903 36.340 5.086 171279.983
1.125000 72.899 36.335 5.086 171249.182
1.126000 72.895 36.330 5.086 171203.050
1.127000 72.892 36.325 5.086 171219.436
1.128000 72.888 36.320 5.086 171403.102
1.129000 72.884 36.315 5.086 171545.290
1.130000 72.880 36.310 5.086 171485.489
1.131000 72.877 36.305 5.086 171438.838
1.132000 72.873 36.300 5.086 171327.222
1.133000 72.869 36.295 5.086 171366.633
1.134000 72.865 36.289 5.086 171368.692
1.135000 72.862 36.284 5.086 171339.553
1.136000 72.858 36.279 5.086 171370.366
1.137000 72.854 36.274 5.086 171380.246
1.138000 72.851 36.269 5.086 171171.140
1.139000 72.847 36.264 5.086 171155.505
1.140000 72.843 36.259 5.086 171260.872
1.141000 72.840 36.254 5.086 171262.138
1.142000 72.836 36.249 5.086 171279.595
1.143000 72.832 36.244 5.086 171207.016
1.144000 72.828 36.239 5.086 171105.544
1.145000 72.825 36.234 5.086 171197.786
1.146000 72.821 36.229 5.086 171278.493
1.147000 72.817 36.224 5.086 171309.454
1.148000 72.814 36.219 5.086 171316.742
1.149000 72.810 36.214 5.086 171301.168
1.150000 72.806 36.209 5.086 171217.916
1.151000 72.803 36.204 5.086 171248.539
1.152000 72.799 36.199 5.086 171193.015
1.153000 72.795 36.194 5.086 171263.726
1.154000 72.792 36.189 5.086 171330.616
1.155000 72.788 36.184 5.086 171208.442
1.156000 72.784 36.179 5.086 171090.056
1.157000 72.781 36.174 5.086 170970.023
1.158000 72.777 36.169 5.086 170761.372
1.159000 72.773 36.164 5.086 170719.995
1.160000 72.770 36.159 5.086 170813.000
1.161000 72.766 36.154 5.086 170933.451
1.162000 72.763 36.149 5.086 170922.762
1.163000 72.759 36.144 5.086 170966.850
1.164000 72.755 36.139 5.086 171022.695
1.165000 72.752 36.134 5.086 171147.551
1.166000 72.748 36.129 5.086 171231.825
1.167000 72.744 36.124 5.086 171150.326
1.168000 72.741 36.119 5.086 171058.460
1.169000 72.737 36.114 5.086 171017.082
1.170000 72.733 36.109 5.086 170913.499
1.171000 72.730 36.104 5.086 170939.600
1.172000 72.726 36.099 5.086 170868.953
1.173000 72.723 36.094 5.086 170832.114
1.174000 72.719 36.089 5.086 170840.080
1.175000 72.715 36.084 5.086 170776.781
1.176000 72.712 36.079 5.086 170891.137
1.177000 72.708 36.075 5.086 171094.140
1.178000 72.704 36.070 5.086 171093.366
1.179000 72.701 36.065 5.086 170909.230
1.180000 72.697 36.060 5.086 170829.874
1.181000 72.694 36.055 5.086 170889.141
1.182000 72.690 36.050 5.086 170957.701
1.183000 72.686 36.045 5.086 170884.360
1.184000 72.683 36.040 5.086 170961.660
1.185000 72.679 36.035 5.086 170945.071
1.186000 72.676 36.030 5.086 170993.428
1.187000 72.672 36.026 5.086 171026.414
1.188000 72.669 36.021 5.086 170899.163
1.189000 72.665 36.016 5.086 170839.721
1.190000 72.661 36.011 5.086 170792.905
1.191000 72.658 36.006 5.086 170821.464
1.192000 72.654 36.001 5.086 170848.838
1.193000 72.651 35.996 5.086 170871.334
1.194000 72.647 35.991 5.086 170847.845
1.195000 72.643 35.987 5.086 170783.899
1.196000 72.640 35.982 5.086 170836.988
1.197000 72.636 35.977 5.086 170764.328
1.198000 72.633 35.972 5.086 170641.352
1.199000 72.629 35.967 5.086 170864.763
1.200000 72.626 35.962 5.086 170804.548
1.201000 72.622 35.958 5.086 170578.834
1.202000 72.619 35.953 5.086 170610.200
1.203000 72.615 35.948 5.086 170596.243
1.204000 72.611 35.943 5.086 170661.269
1.205000 72.608 35.938 5.086 170803.146
1.206000 72.604 35.933 5.086 170835.238
1.207000 72.601 35.929 5.086 170863.355
1.208000 72.597 35.924 5.086 170836.839
1.209000 72.594 35.919 5.086 170689.040
1.210000 72.590 35.914 5.086 170588.206
1.211000 72.587 35.909 5.086 170720.558
1.212000 72.583 35.905 5.086 170757.148
1.213000 72.579 35.900 5.086 170949.712
1.214000 72.576 35.895 5.086 170969.923
1.215000 72.572 35.890 5.086 170886.764
1.216000 72.569 35.885 5.086 170879.218
1.217000 72.565 35.881 5.086 170721.826
1.218000 72.562 35.876 5.086 170660.962
1.219000 72.558 35.871 5.086 170661.364
1.220000 72.555 35.866 5.086 170693.068
1.221000 72.551 35.862 5.086 170837.944
1.222000 72.548 35.857 5.086 170882.514
1.223000 72.544 35.852 5.086 170817.786
1.224000 72.541 35.847 5.086 170840.756
1.225000 72.537 35.843 5.086 170801.205
1.226000 72.534 35.838 5.086 170763.216
1.227000 72.530 35.833 5.086 170781.424
1.228000 72.527 35.828 5.086 170823.584
1.229000 72.523 35.824 5.086 170788.466
1.230000 72.520 35.819 5.086 170701.827
1.231000 72.516 35.814 5.086 170646.025
1.232000 72.513 35.809 5.086 170510.814
1.233000 72.509 35.805 5.086 170640.691
1.234000 72.506 35.800 5.086 170760.455
1.235000 72.502 35.795 5.086 170726.831
1.236000 72.499 35.790 5.086 170715.558
1.237000 72.495 35.786 5.086 170581.758
1.238000 72.492 35.781 5.086 170561.757
1.239000 72.488 35.776 5.086 170527.770
1.240000 72.485 35.772 5.086 170584.937
1.241000 72.481 35.767 5.086 170614.772
1.242000 72.478 35.762 5.086 170633.564
1.243000 72.474 35.757 5.086 170504.958
1.244000 72.471 35.753 5.086 170576.551
1.245000 72.467 35.748 5.086 170544.567
1.246000 72.464 35.743 5.086 170447.126
1.247000 72.460 35.739 5.086 170386.987
1.248000 72.457 35.734 5.086 170369.656
1.249000 72.453 35.729 5.086 170424.393
1.250000 72.450 35.725 5.086 170471.788
1.251000 72.446 35.720 5.086 170609.701
1.252000 72.443 35.715 5.086 170776.287
1.253000 72.439 35.711 5.086 170655.907
1.254000 72.436 35.706 5.086 170488.491
1.255000 72.432 35.701 5.086 170450.976
1.256000 72.429 35.697 5.086 170548.732
1.257000 72.425 35.692 5.086 170645.595
1.258000 72.422 35.687 5.086 170590.019
1.259000 72.419 35.683 5.086 170647.854
1.260000 72.415 35.678 5.086 170705.165
1.261000 72.412 35.674 5.086 170639.835
1.262000 72.408 35.669 5.086 170691.138
1.263000 72.405 35.664 5.086 170616.943
1.264000 72.401 35.660 5.086 170646.057
1.265000 72.398 35.655 5.086 170580.901
1.266000 72.394 35.650 5.086 170491.614
1.267000 72.391 35.646 5.086 170539.993
1.268000 72.387 35.641 5.086 170491.243
1.269000 72.384 35.637 5.086 170580.602
1.270000 72.381 35.632 5.086 170658.060
1.271000 72.377 35.627 5.086 170630.131
1.272000 72.374 35.623 5.086 170564.699
1.273000 72.370 35.618 5.086 170463.913
1.274000 72.367 35.614 5.086 170530.149
1.275000 72.363 35.609 5.086 170560.640
1.276000 72.360 35.604 5.086 170544.282
1.277000 72.356 35.600 5.086 170554.564
1.278000 72.353 35.595 5.086 170518.129
1.279000 72.350 35.591 5.086 170595.357
1.280000 72.346 35.586 5.086 170471.637
1.281000 72.343 35.581 5.086 170394.599
1.282000 72.339 35.577 5.086 170408.991
1.283000 72.336 35.572 5.086 170398.914
1.284000 72.333 35.568 5.086 170426.213
1.285000 72.329 35.563 5.086 170333.899
1.286000 72.326 35.559 5.086 170335.519
1.287000 72.322 35.554 5.086 170359.868
1.288000 72.319 35.550 5.086 170373.337
1.289000 72.315 35.545 5.086 170507.171
1.290000 72.312 35.540 5.086 170472.253
1.291000 72.309 35.536 5.086 170550.589
1.292000 72.305 35.531 5.086 170475.046
1.293000 72.302 35.527 5.086 170444.396
1.294000 72.298 35.522 5.086 170450.659
1.295000 72.295 35.518 5.086 170578.391
1.296000 72.292 35.513 5.086 170565.770
1.297000 72.288 35.509 5.086 170616.473
1.298000 72.285 35.504 5.086 170615.900
1.299000 72.281 35.500 5.086 170539.912
1.300000 72.278 35.495 5.086 170396.932
1.301000 72.275 35.491 5.086 170543.843
1.302000 72.271 35.486 5.086 170576.248
1.303000 72.268 35.482 5.086 170740.260
1.304000 72.264 35.477 5.086 170662.194
1.305000 72.261 35.473 5.086 170520.566
1.306000 72.258 35.468 5.086 170548.838
1.307000 72.254 35.464 5.086 170611.247
1.308000 72.251 35.459 5.086 170723.125
1.309000 72.247 35.455 5.086 170816.588
1.310000 72.244 35.450 5.086 170754.184
1.311000 72.241 35.446 5.086 170752.152
1.312000 72.237 35.441 5.086 170642.183
1.313000 72.234 35.437 5.086 170456.182
1.314000 72.230 35.432 5.086 170461.036
1.315000 72.227 35.428 5.086 170410.571
1.316000 72.224 35.423 5.086 170403.981
1.317000 72.220 35.419 5.086 170429.177
1.318000 72.217 35.414 5.086 170297.799
1.319000 72.214 35.410 5.086 170341.898
1.320000 72.210 35.405 5.086 170356.496
1.321000 72.207 35.401 5.086 170270.912
1.322000 72.203 35.397 5.086 170222.693
1.323000 72.200 35.392 5.086 170195.791
1.324000 72.197 35.388 5.086 170123.207
1.325000 72.193 35.383 5.086 170230.541
1.326000 72.190 35.379 5.086 170386.919
1.327000 72.187 35.374 5.086 170456.575
1.328000 72.183 35.370 5.086 170475.611
1.329000 72.180 35.366 5.086 170289.039
1.330000 72.177 35.361 5.086 170175.202
1.331000 72.173 35.357 5.086 170184.790
1.332000 72.170 35.352 5.086 170119.533
1.333000 72.167 35.348 5.086 170185.103
1.334000 72.163 35.343 5.086 170216.327
1.335000 72.160 35.339 5.086 170273.463
1.336000 72.156 35.335 5.086 170301.553
1.337000 72.153 35.330 5.086 170332.152
1.338000 72.150 35.326 5.086 170331.695
1.339000 72.146 35.321 5.086 170380.678
1.340000 72.143 35.317 5.086 170445.865
1.341000 72.140 35.313 5.086 170444.982
1.342000 72.136 35.308 5.086 170449.614
1.343000 72.133 35.304 5.086 170320.560
1.344000 72.130 35.299 5.086 170208.054
1.345000 72.126 35.295 5.086 170199.691
1.346000 72.123 35.291 5.086 170243.795
1.347000 72.120 35.286 5.086 170249.540
1.348000 72.116 35.282 5.086 170270.855
1.349000 72.113 35.278 5.086 170318.352
1.350000 72.110 35.273 5.086 170302.401
1.351000 72.106 35.269 5.086 170253.532
1.352000 72.103 35.264 5.086 170345.543
1.353000 72.100 35.260 5.086 170447.563
1.354000 72.096 35.256 5.086 170326.061
1.355000 72.093 35.251 5.086 170275.605
1.356000 72.090 35.247 5.086 170158.232
1.357000 72.086 35.243 5.086 170071.857
1.358000 72.083 35.238 5.086 170054.986
1.359000 72.080 35.234 5.086 170154.548
1.360000 72.076 35.230 5.086 170205.096
1.361000 72.073 35.225 5.086 170178.695
1.362000 72.070 35.221 5.086 170300.777
1.363000 72.066 35.217 5.086 170250.147
1.364000 72.063 35.212 5.086 170064.141
1.365000 72.060 35.208 5.086 170128.089
1.366000 72.056 35.204 5.086 170189.304
1.367000 72.053 35.199 5.086 170111.923
1.368000 72.050 35.195 5.086 170043.333
1.369000 72.046 35.191 5.086 170055.753
1.370000 72.043 35.186 5.086 170165.451
1.371000 72.040 35.182 5.086 170161.250
1.372000 72.037 35.178 5.086 170266.924
1.373000 72.033 35.174 5.086 170141.050
1.374000 72.030 35.169 5.086 170243.245
1.375000 72.027 35.165 5.086 170260.760
1.376000 72.023 35.161 5.086 170210.649
1.377000 72.020 35.156 5.086 170083.772
1.378000 72.017 35.152 5.086 170093.997
1.379000 72.013 35.148 5.086 170129.654
1.380000 72.010 35.144 5.086 170201.803
1.381000 72.007 35.139 5.086 170282.523
1.382000 72.003 35.135 5.086 170350.961
1.383000 72.000 35.131 5.086 170369.609
1.384000 71.997 35.126 5.086 170461.197
1.385000 71.994 35.122 5.086 170464.099
1.386000 71.990 35.118 5.086 170294.976
1.387000 71.987 35.114 5.086 170191.120
1.388000 71.984 35.109 5.086 170320.577
1.389000 71.980 35.105 5.086 170289.888
1.390000 71.977 35.101 5.086 170296.232
1.391000 71.974 35.097 5.086 170249.879
1.392000 71.971 35.092 5.086 170158.323
1.393000 71.967 35.088 5.086 170285.874
1.394000 71.964 35.084 5.086 170255.555
1.395000 71.961 35.080 5.086 170239.480
1.396000 71.957 35.075 5.086 170229.373
1.397000 71.954 35.071 5.086 170127.570
1.398000 71.951 35.067 5.086 170122.826
1.399000 71.948 35.063 5.086 170184.030
1.400000 71.944 35.058 5.086 170165.943
1.401000 71.941 35.054 5.086 170124.969
1.402000 71.938 35.050 5.086 169961.849
1.403000 71.934 35.046 5.086 170031.062
1.404000 71.931 35.042 5.086 169991.170
1.405000 71.928 35.037 5.086 169989.053
1.406000 71.925 35.033 5.086 170004.237
1.407000 71.921 35.029 5.086 170128.066
1.408000 71.918 35.025 5.086 170181.181
1.409000 71.915 35.021 5.086 170225.480
1.410000 71.911 35.016 5.086 170378.840
1.411000 71.908 35.012 5.086 170312.231
1.412000 71.905 35.008 5.086 170237.731
1.413000 71.902 35.004 5.086 170175.021
1.414000 71.898 35.000 5.086 170053.912
1.415000 71.895 34.995 5.086 170067.490
1.416000 71.892 34.991 5.086 170109.687
1.417000 71.889 34.987 5.086 170115.055
1.418000 71.885 34.983 5.086 170084.524
1.419000 71.882 34.979 5.086 170056.933
1.420000 71.879 34.974 5.086 170147.833
1.421000 71.876 34.970 5.086 170104.168
1.422000 71.872 34.966 5.086 170298.330
1.423000 71.869 34.962 5.086 170273.905
1.424000 71.866 34.958 5.086 170291.103
1.425000 71.863 34.954 5.086 170181.340
1.426000 71.859 34.950 5.086 170016.397
1.427000 71.856 34.945 5.086 170071.792
1.428000 71.853 34.941 5.086 170207.064
1.429000 71.849 34.937 5.086 170381.963
1.430000 71.846 34.933 5.086 170388.111
1.431000 71.843 34.929 5.086 170263.260
1.432000 71.840 34.925 5.086 169991.703
1.433000 71.836 34.920 5.086 169994.370
1.434000 71.833 34.916 5.086 170015.307
1.435000 71.830 34.912 5.086 170242.106
1.436000 71.827 34.908 5.086 170277.536
1.437000 71.823 34.904 5.086 170408.694
1.438000 71.820 34.900 5.086 170298.018
1.439000 71.817 34.896 5.086 170297.819
1.440000 71.814 34.892 5.086 170134.556
1.441000 71.811 34.887 5.086 170153.735
1.442000 71.807 34.883 5.086 170188.105
1.443000 71.804 34.879 5.086 170159.499
1.444000 71.801 34.875 5.086 170258.762
1.445000 71.798 34.871 5.086 170240.876
1.446000 71.794 34.867 5.086 170339.288
1.447000 71.791 34.863 5.086 170273.462
1.448000 71.788 34.859 5.086 170282.150
1.449000 71.785 34.855 5.086 170193.060
1.450000 71.781 34.851 5.086 170324.934
1.451000 71.778 34.846 5.086 170347.402
1.452000 71.775 34.842 5.086 170172.577
1.453000 71.772 34.838 5.086 170137.208
1.454000 71.768 34.834 5.086 170294.247
1.455000 71.765 34.830 5.086 170319.904
1.456000 71.762 34.826 5.086 170423.308
1.457000 71.759 34.822 5.086 170348.830
1.458000 71.755 34.818 5.086 170266.303
1.459000 71.752 34.814 5.086 170181.030
1.460000 71.749 34.810 5.086 170103.625
1.461000 71.746 34.806 5.086 170026.419
1.462000 71.743 34.802 5.086 170117.748
1.463000 71.739 34.798 5.086 170215.272
1.464000 71.736 34.794 5.086 170261.144
1.465000 71.733 34.789 5.086 170275.761
1.466000 71.730 34.785 5.086 170489.440
1.467000 71.726 34.781 5.086 170511.039
1.468000 71.723 34.777 5.086 170448.275
1.469000 71.720 34.773 5.086 170486.744
1.470000 71.717 34.769 5.086 170367.614
1.471000 71.714 34.765 5.086 170228.699
1.472000 71.710 34.761 5.086 170265.711
1.473000 71.707 34.757 5.086 170343.270
1.474000 71.704 34.753 5.086 170468.312
1.475000 71.701 34.749 5.086 170583.246
1.476000 71.698 34.745 5.086 170533.595
1.477000 71.694 34.741 5.086 170511.928
1.478000 71.691 34.737 5.086 170442.310
1.479000 71.688 34.733 5.086 170292.425
1.480000 71.685 34.729 5.086 170370.598
1.481000 71.681 34.725 5.086 170362.501
1.482000 71.678 34.721 5.086 170556.013
1.483000 71.675 34.717 5.086 170448.340
1.484000 71.672 34.713 5.086 170407.257
1.485000 71.669 34.709 5.086 170377.750
1.486000 71.665 34.705 5.086 170352.235
1.487000 71.662 34.701 5.086 170402.010
1.488000 71.659 34.697 5.086 170275.949
1.489000 71.656 34.693 5.086 170361.692
1.490000 71.653 34.689 5.086 170517.429
1.491000 71.649 34.685 5.086 170593.919
1.492000 71.646 34.681 5.086 170616.676
1.493000 71.643 34.677 5.086 170638.156
1.494000 71.640 34.673 5.086 170634.311
1.495000 71.637 34.669 5.086 170557.314
1.496000 71.633 34.665 5.086 170594.571
1.497000 71.630 34.661 5.086 170737.333
1.498000 71.627 34.657 5.086 170811.939
1.499000 71.624 34.653 5.086 170671.744
1.500000 71.621 34.649 5.086 170552.235
1.501000 71.617 34.645 5.086 170580.869
1.502000 71.614 34.641 5.086 170405.792
1.503000 71.611 34.637 5.086 170442.819
1.504000 71.608 34.633 5.086 170566.967
1.505000 71.605 34.629 5.086 170779.982
1.506000 71.601 34.626 5.086 170685.630
1.507000 71.598 34.622 5.086 170554.131
1.508000 71.595 34.618 5.086 170531.897
1.509000 71.592 34.614 5.086 170455.267
1.510000 71.589 34.610 5.086 170416.443
1.511000 71.585 34.606 5.086 170431.510
1.512000 71.582 34.602 5.086 170490.069
1.513000 71.579 34.598 5.086 170546.299
1.514000 71.576 34.594 5.086 170487.634
1.515000 71.573 34.590 5.086 170505.442
1.516000 71.570 34.586 5.086 170569.351
1.517000 71.566 34.582 5.086 170543.672
1.518000 71.563 34.578 5.086 170546.588
1.519000 71.560 34.574 5.086 170423.003
1.520000 71.557 34.571 5.086 170465.588
1.521000 71.554 34.567 5.086 170487.448
1.522000 71.550 34.563 5.086 170491.307
1.523000 71.547 34.559 5.086 170337.738
1.524000 71.544 34.555 5.086 170352.619
1.525000 71.541 34.551 5.086 170478.680
1.526000 71.538 34.547 5.086 170482.278
1.527000 71.535 34.543 5.086 170477.237
1.528000 71.531 34.539 5.086 170399.963
1.529000 71.528 34.535 5.086 170537.993
1.530000 71.525 34.532 5.086 170590.196
1.531000 71.522 34.528 5.086 170697.585
1.532000 71.519 34.524 5.086 170576.495
1.533000 71.516 34.520 5.086 170418.865
1.534000 71.512 34.516 5.086 170472.461
1.535000 71.509 34.512 5.086 170494.810
1.536000 71.506 34.508 5.086 170570.185
1.537000 71.503 34.504 5.086 170665.005
1.538000 71.500 34.501 5.086 170632.705
1.539000 71.497 34.497 5.086 170667.260
1.540000 71.493 34.493 5.086 170646.948
1.541000 71.490 34.489 5.086 170616.756
1.542000 71.487 34.485 5.086 170615.684
1.543000 71.484 34.481 5.086 170632.477
1.544000 71.481 34.477 5.086 170644.488
1.545000 71.478 34.474 5.086 170622.392
1.546000 71.474 34.470 5.086 170607.608
1.547000 71.471 34.466 5.086 170610.477
1.548000 71.468 34.462 5.086 170623.170
1.549000 71.465 34.458 5.086 170700.122
1.550000 71.462 34.454 5.086 170735.516
1.551000 71.459 34.451 5.086 170710.378
1.552000 71.455 34.447 5.086 170624.286
1.553000 71.452 34.443 5.086 170586.554
1.554000 71.449 34.439 5.086 170544.295
1.555000 71.446 34.435 5.086 170701.214
1.556000 71.450 34.421 5.050 170678.593
1.557000 71.447 34.418 5.050 170611.723
1.558000 71.443 34.414 5.050 170523.051
1.559000 71.440 34.410 5.050 170483.122
1.560000 71.437 34.406 5.050 170437.473
1.561000 71.434 34.402 5.050 170558.915
1.562000 71.431 34.399 5.050 170543.632
1.563000 71.428 34.395 5.050 170602.502
1.564000 71.424 34.391 5.050 170611.836
1.565000 71.421 34.387 5.050 170562.348
1.566000 71.418 34.383 5.050 170491.115
1.567000 71.415 34.380 5.050 170588.761
1.568000 71.412 34.376 5.050 170508.960
1.569000 71.409 34.372 5.050 170430.883
1.570000 71.406 34.368 5.050 170461.067
1.571000 71.402 34.364 5.050 170489.923
1.572000 71.399 34.361 5.050 170403.922
1.573000 71.396 34.357 5.050 170357.194
1.574000 71.393 34.353 5.050 170402.513
1.575000 71.390 34.349 5.050 170486.315
1.576000 71.387 34.345 5.050 170504.525
1.577000 71.383 34.342 5.050 170687.318
1.578000 71.380 34.338 5.050 170695.107
1.579000 71.377 34.334 5.050 170655.771
1.580000 71.374 34.330 5.050 170657.661
1.581000 71.371 34.327 5.050 170699.018
1.582000 71.368 34.323 5.050 170729.742
1.583000 71.365 34.319 5.050 170793.213
1.584000 71.361 34.315 5.050 170757.171
1.585000 71.358 34.312 5.050 170966.991
1.586000 71.355 34.308 5.050 170926.835
1.587000 71.352 34.304 5.050 170845.773
1.588000 71.349 34.300 5.050 170773.658
1.589000 71.346 34.297 5.050 170611.610
1.590000 71.336 34.303 5.086 170645.294
1.591000 71.333 34.299 5.086 170845.042
1.592000 71.329 34.295 5.086 170759.272
1.593000 71.326 34.292 5.086 170841.472
1.594000 71.323 34.288 5.086 170857.215
1.595000 71.320 34.284 5.086 170672.904
1.596000 71.317 34.281 5.086 170643.883
1.597000 71.314 34.277 5.086 170752.168
1.598000 71.311 34.273 5.086 170768.794
1.599000 71.308 34.269 5.086 170673.876
1.600000 71.304 34.266 5.086 170659.978
1.601000 71.301 34.262 5.086 170705.748
1.602000 71.298 34.258 5.086 170645.306
1.603000 71.295 34.255 5.086 170610.539
1.604000 71.292 34.251 5.086 170573.190
1.605000 71.289 34.247 5.086 170483.266
1.606000 71.286 34.243 5.086 170524.055
1.607000 71.283 34.240 5.086 170528.363
1.608000 71.279 34.236 5.086 170524.386
1.609000 71.276 34.232 5.086 170560.180
1.610000 71.273 34.229 5.086 170602.803
1.611000 71.270 34.225 5.086 170664.946
1.612000 71.267 34.221 5.086 170631.817
1.613000 71.264 34.218 5.086 170695.140
1.614000 71.261 34.214 5.086 170698.465
1.615000 71.258 34.210 5.086 170796.454
1.616000 71.254 34.207 5.086 170858.928
1.617000 71.251 34.203 5.086 170827.995
1.618000 71.248 34.199 5.086 170709.370
1.619000 71.245 34.195 5.086 170748.236
1.620000 71.242 34.192 5.086 170795.653
1.621000 71.239 34.188 5.086 170868.514
1.622000 71.236 34.185 5.086 171027.995
1.623000 71.233 34.181 5.086 170871.171
1.624000 71.229 34.177 5.086 170835.811
1.625000 71.226 34.174 5.086 170777.937
1.626000 71.223 34.170 5.086 170855.715
1.627000 71.220 34.166 5.086 170914.114
1.628000 71.217 34.163 5.086 170803.983
1.629000 71.214 34.159 5.086 170682.152
1.630000 71.211 34.155 5.086 170632.681
1.631000 71.208 34.152 5.086 170619.704
1.632000 71.204 34.148 5.086 170705.569
1.633000 71.201 34.144 5.086 170691.482
1.634000 71.198 34.141 5.086 170842.818
1.635000 71.195 34.137 5.086 170803.933
1.636000 71.192 34.133 5.086 170665.373
1.637000 71.189 34.130 5.086 170757.193
1.638000 71.186 34.126 5.086 170766.831
1.639000 71.183 34.123 5.086 170684.040
1.640000 71.180 34.119 5.086 170661.365
1.641000 71.176 34.115 5.086 170827.007
1.642000 71.173 34.112 5.086 170826.148
1.643000 71.170 34.108 5.086 170784.037
1.644000 71.167 34.105 5.086 170875.627
1.645000 71.164 34.101 5.086 171005.676
1.646000 71.161 34.097 5.086 171028.930
1.647000 71.158 34.094 5.086 171053.593
1.648000 71.155 34.090 5.086 171108.867
1.649000 71.152 34.087 5.086 171100.558
1.650000 71.149 34.083 5.086 171132.824
1.651000 71.145 34.079 5.086 171214.513
1.652000 71.142 34.076 5.086 171198.106
1.653000 71.139 34.072 5.086 171279.914
1.654000 71.136 34.069 5.086 171335.202
1.655000 71.133 34.065 5.086 171290.239
1.656000 71.130 34.061 5.086 171291.587
1.657000 71.127 34.058 5.086 171369.616
1.658000 71.124 34.054 5.086 171232.642
1.659000 71.121 34.051 5.086 171194.473
1.660000 71.118 34.047 5.086 171215.645
1.661000 71.114 34.044 5.086 171055.125
1.662000 71.111 34.040 5.086 171128.982
1.663000 71.108 34.036 5.086 171089.718
1.664000 71.105 34.033 5.086 171090.693
1.665000 71.102 34.029 5.086 171086.704
1.666000 71.099 34.026 5.086 171112.768
1.667000 71.096 34.022 5.086 171185.038
1.668000 71.093 34.019 5.086 171112.460
1.669000 71.090 34.015 5.086 171003.616
1.670000 71.087 34.011 5.086 171164.747
1.671000 71.083 34.008 5.086 171216.789
1.672000 71.080 34.004 5.086 171300.004
1.673000 71.077 34.001 5.086 171198.453
1.674000 71.074 33.997 5.086 171139.681
1.675000 71.071 33.994 5.086 171084.955
1.676000 71.068 33.990 5.086 171138.399
1.677000 71.065 33.987 5.086 170914.056
1.678000 71.062 33.983 5.086 171046.154
1.679000 71.059 33.980 5.086 171101.997
1.680000 71.056 33.976 5.086 171218.963
1.681000 71.001 34.051 4.805 171299.743
1.682000 70.998 34.047 4.805 171410.948
1.683000 70.995 34.044 4.805 171494.852
1.684000 70.992 34.040 4.805 171549.080
1.685000 70.989 34.037 4.805 171567.553
1.686000 70.986 34.033 4.805 171558.024
1.687000 70.983 34.030 4.805 171474.983
1.688000 70.980 34.026 4.805 171492.016
1.689000 70.977 34.023 4.805 171579.086
1.690000 70.974 34.019 4.805 171475.891
1.691000 70.970 34.016 4.805 171528.630
1.692000 70.967 34.012 4.805 171663.441
1.693000 70.964 34.009 4.805 171674.006
1.694000 70.961 34.006 4.805 171754.406
1.695000 70.958 34.002 4.805 171690.745
1.696000 70.955 33.999 4.805 171730.954
1.697000 70.952 33.995 4.805 171900.775
1.698000 70.949 33.992 4.805 172015.667
1.699000 70.946 33.988 4.805 171980.843
1.700000 70.943 33.985 4.805 171856.465
1.701000 70.940 33.981 4.805 171672.404
1.702000 70.937 33.978 4.805 171554.148
1.703000 70.934 33.974 4.805 171569.757
1.704000 70.931 33.971 4.805 171601.882
1.705000 70.928 33.967 4.805 171377.074
1.706000 70.925 33.964 4.805 171326.625
1.707000 70.922 33.960 4.805 171543.886
1.708000 70.918 33.957 4.805 171493.343
1.709000 70.915 33.954 4.805 171574.318
1.710000 70.912 33.950 4.805 171675.510
1.711000 70.909 33.947 4.805 171770.402
1.712000 70.906 33.943 4.805 171840.600
1.713000 70.903 33.940 4.805 171837.670
1.714000 70.900 33.936 4.805 171864.398
1.715000 70.897 33.933 4.805 171895.776
1.716000 70.894 33.930 4.805 171887.627
1.717000 70.891 33.926 4.805 171844.540
1.718000 70.888 33.923 4.805 171955.273
1.719000 70.885 33.919 4.805 172031.226
1.720000 70.882 33.916 4.805 172036.836
1.721000 70.879 33.912 4.805 171969.403
1.722000 70.876 33.909 4.805 172012.762
1.723000 70.873 33.906 4.805 171957.839
1.724000 70.870 33.902 4.805 172062.012
1.725000 70.867 33.899 4.805 172123.976
1.726000 70.864 33.895 4.805 172082.631
1.727000 70.860 33.892 4.805 171898.179
1.728000 70.857 33.889 4.805 171975.372
1.729000 70.854 33.885 4.805 171953.029
1.730000 70.851 33.882 4.805 171901.931
1.731000 70.848 33.878 4.805 172014.608
1.732000 70.845 33.875 4.805 172055.123
1.733000 70.842 33.872 4.805 172159.574
1.734000 70.839 33.868 4.805 172274.489
1.735000 70.836 33.865 4.805 172242.399
1.736000 70.833 33.861 4.805 172116.183
1.737000 70.830 33.858 4.805 172101.121
1.738000 70.827 33.855 4.805 172055.266
1.739000 70.824 33.851 4.805 172160.172
1.740000 70.821 33.848 4.805 172368.046
1.741000 70.818 33.845 4.805 172381.014
1.742000 70.815 33.841 4.805 172335.011
1.743000 70.812 33.838 4.805 172328.229
1.744000 70.809 33.834 4.805 172417.151
1.745000 70.806 33.831 4.805 172410.832
1.746000 70.803 33.828 4.805 172561.600
1.747000 70.800 33.824 4.805 172563.537
1.748000 70.797 33.821 4.805 172436.664
1.749000 70.794 33.818 4.805 172337.863
1.750000 70.790 33.814 4.805 172429.456
1.751000 70.787 33.811 4.805 172442.886
1.752000 70.784 33.808 4.805 172513.694
1.753000 70.781 33.804 4.805 172492.872
1.754000 70.778 33.801 4.805 172504.710
1.755000 70.775 33.798 4.805 172583.032
1.756000 70.772 33.794 4.805 172633.757
1.757000 70.769 33.791 4.805 172650.941
1.758000 70.766 33.788 4.805 172650.960
1.759000 70.763 33.784 4.805 172635.564
1.760000 70.760 33.781 4.805 172683.762
1.761000 70.757 33.778 4.805 172597.742
1.762000 70.754 33.774 4.805 172632.971
1.763000 70.751 33.771 4.805 172636.268
1.764000 70.748 33.768 4.805 172640.102
1.765000 70.745 33.764 4.805 172782.255
1.766000 70.742 33.761 4.805 172792.901
1.767000 70.739 33.758 4.805 172788.407
1.768000 70.736 33.754 4.805 172625.392
1.769000 70.733 33.751 4.805 172679.862
1.770000 70.730 33.748 4.805 172684.724
1.771000 70.727 33.744 4.805 172669.858
1.772000 70.724 33.741 4.805 172644.346
1.773000 70.721 33.738 4.805 172644.281
1.774000 70.718 33.734 4.805 172768.765
1.775000 70.715 33.731 4.805 172712.160
1.776000 70.712 33.728 4.805 172747.207
1.777000 70.709 33.725 4.805 172655.157
1.778000 70.706 33.721 4.805 172705.502
1.779000 70.703 33.718 4.805 172820.295
1.780000 70.700 33.715 4.805 172866.429
1.781000 70.697 33.711 4.805 172947.756
1.782000 70.694 33.708 4.805 172841.511
1.783000 70.690 33.705 4.805 172915.189
1.784000 70.687 33.702 4.805 173040.252
1.785000 70.684 33.698 4.805 173092.037
1.786000 70.681 33.695 4.805 173050.854
1.787000 70.678 33.692 4.805 173169.142
1.788000 70.675 33.689 4.805 173150.436
1.789000 70.672 33.685 4.805 173072.765
1.790000 70.669 33.682 4.805 173105.737
1.791000 70.666 33.679 4.805 173187.866
1.792000 70.663 33.676 4.805 173112.530
1.793000 70.660 33.672 4.805 173117.472
1.794000 70.657 33.669 4.805 173204.124
1.795000 70.654 33.666 4.805 173328.140
1.796000 70.651 33.663 4.805 173310.572
1.797000 70.648 33.659 4.805 173359.450
1.798000 70.645 33.656 4.805 173306.433
1.799000 70.642 33.653 4.805 173468.628
1.800000 70.639 33.650 4.805 173477.383
1.801000 70.636 33.646 4.805 173452.341
1.802000 70.633 33.643 4.805 173398.065
1.803000 70.630 33.640 4.805 173330.583
1.804000 70.627 33.637 4.805 173255.220
1.805000 70.624 33.633 4.805 173250.431
1.806000 70.621 33.630 4.805 173318.287
1.807000 70.618 33.627 4.805 173433.416
1.808000 70.615 33.624 4.805 173344.774
1.809000 70.612 33.620 4.805 173348.336
1.810000 70.609 33.617 4.805 173433.959
1.811000 70.606 33.614 4.805 173457.372
1.812000 70.603 33.611 4.805 173259.000
1.813000 70.600 33.608 4.805 173249.078
1.814000 70.597 33.604 4.805 173385.184
1.815000 70.594 33.601 4.805 173381.780
1.816000 70.591 33.598 4.805 173411.229
1.817000 70.588 33.595 4.805 173552.109
1.818000 70.585 33.592 4.805 173740.694
1.819000 70.582 33.588 4.805 173713.908
1.820000 70.579 33.585 4.805 173661.680
1.821000 70.576 33.582 4.805 173645.299
1.822000 70.573 33.579 4.805 173632.403
1.823000 70.570 33.576 4.805 173658.514
1.824000 70.567 33.572 4.805 173645.207
1.825000 70.564 33.569 4.805 173727.821
1.826000 70.561 33.566 4.805 173798.666
1.827000 70.558 33.563 4.805 173874.440
1.828000 70.570 33.534 4.828 174072.628
1.829000 70.552 33.557 4.805 174128.825
1.830000 70.549 33.553 4.805 174065.595
1.831000 70.546 33.550 4.805 173800.178
1.832000 70.558 33.522 4.828 173660.828
1.833000 70.555 33.519 4.828 173683.688
1.834000 70.552 33.515 4.828 173618.034
1.835000 70.549 33.512 4.828 173680.763
1.836000 70.546 33.509 4.828 173840.046
1.837000 70.543 33.506 4.828 173802.000
1.838000 70.540 33.503 4.828 173907.287
1.839000 70.537 33.500 4.828 173854.123
1.840000 70.534 33.496 4.828 173828.918
1.841000 70.531 33.493 4.828 173748.571
1.842000 70.528 33.490 4.828 173727.954
1.843000 70.525 33.487 4.828 173756.557
1.844000 70.522 33.484 4.828 173621.257
1.845000 70.519 33.481 4.828 173520.917
1.846000 70.516 33.478 4.828 173634.202
1.847000 70.513 33.474 4.828 173690.170
1.848000 70.510 33.471 4.828 173672.304
1.849000 70.507 33.468 4.828 173729.514
1.850000 70.504 33.465 4.828 173773.826
1.851000 70.501 33.462 4.828 173851.256
1.852000 70.498 33.459 4.828 173851.056
1.853000 70.495 33.456 4.828 174053.717
1.854000 70.492 33.452 4.828 174065.124
1.855000 70.489 33.449 4.828 173954.429
1.856000 70.486 33.446 4.828 173974.377
1.857000 70.483 33.443 4.828 173982.597
1.858000 70.480 33.440 4.828 173979.880
1.859000 70.477 33.437 4.828 173916.122
1.860000 70.474 33.434 4.828 173904.967
1.861000 70.471 33.431 4.828 174031.451
1.862000 70.468 33.428 4.828 174033.018
1.863000 70.465 33.424 4.828 174212.609
1.864000 70.462 33.421 4.828 174266.342
1.865000 70.459 33.418 4.828 174310.860
1.866000 70.456 33.415 4.828 174302.651
1.867000 70.453 33.412 4.828 174324.493
1.868000 70.450 33.409 4.828 174315.343
1.869000 70.447 33.406 4.828 174434.269
1.870000 70.444 33.403 4.828 174467.798
1.871000 70.441 33.400 4.828 174396.878
1.872000 70.438 33.397 4.828 174414.516
1.873000 70.435 33.394 4.828 174640.670
1.874000 70.432 33.390 4.828 174605.046
1.875000 70.429 33.387 4.828 174513.316
1.876000 70.426 33.384 4.828 174549.912
1.877000 70.423 33.381 4.828 174540.841
1.878000 70.420 33.378 4.828 174660.856
1.879000 70.417 33.375 4.828 174651.376
1.880000 70.414 33.372 4.828 174623.094
1.881000 70.411 33.369 4.828 174447.931
1.882000 70.408 33.366 4.828 174389.996
1.883000 70.405 33.363 4.828 174476.354
1.884000 70.402 33.360 4.828 174550.996
1.885000 70.399 33.357 4.828 174599.888
1.886000 70.396 33.354 4.828 174628.810
1.887000 70.393 33.351 4.828 174607.060
1.888000 70.390 33.348 4.828 174575.143
1.889000 70.387 33.345 4.828 174562.173
1.890000 70.384 33.341 4.828 174685.829
1.891000 70.381 33.338 4.828 174676.967
1.892000 70.378 33.335 4.828 174732.689
1.893000 70.375 33.332 4.828 174726.528
1.894000 70.373 33.329 4.828 174781.249
1.895000 70.370 33.326 4.828 174816.447
1.896000 70.367 33.323 4.828 174956.308
1.897000 70.364 33.320 4.828 175051.573
1.898000 70.361 33.317 4.828 174905.934
1.899000 70.358 33.314 4.828 174780.724
1.900000 70.355 33.311 4.828 174703.043
1.901000 70.352 33.308 4.828 174726.301
1.902000 70.349 33.305 4.828 174770.290
1.903000 70.346 33.302 4.828 174845.816
1.904000 70.343 33.299 4.828 174891.373
1.905000 70.340 33.296 4.828 174959.735
1.906000 70.337 33.293 4.828 174980.000
1.907000 70.334 33.290 4.828 175055.118
1.908000 70.331 33.287 4.828 175133.567
1.909000 70.328 33.284 4.828 175119.773
1.910000 70.325 33.281 4.828 175284.081
1.911000 70.322 33.278 4.828 175275.932
1.912000 70.319 33.275 4.828 175337.602
1.913000 70.316 33.272 4.828 175344.144
1.914000 70.313 33.269 4.828 175227.295
1.915000 70.310 33.266 4.828 175249.454
1.916000 70.307 33.263 4.828 175323.850
1.917000 70.304 33.260 4.828 175375.115
1.918000 70.301 33.257 4.828 175310.602
1.919000 70.298 33.254 4.828 175276.646
1.920000 70.295 33.251 4.828 175166.498
1.921000 70.292 33.248 4.828 175106.420
1.922000 70.289 33.245 4.828 175095.464
1.923000 70.286 33.242 4.828 175104.912
1.924000 70.283 33.239 4.828 175196.289
1.925000 70.280 33.236 4.828 175213.895
1.926000 70.277 33.233 4.828 175155.036
1.927000 70.274 33.230 4.828 175092.208
1.928000 70.271 33.227 4.828 175227.878
1.929000 70.268 33.224 4.828 175140.221
1.930000 70.265 33.221 4.828 175138.625
1.931000 70.262 33.219 4.828 175213.403
1.932000 70.259 33.216 4.828 175409.677
1.933000 70.257 33.213 4.828 175414.332
1.934000 70.254 33.210 4.828 175552.861
1.935000 70.251 33.207 4.828 175609.128
1.936000 70.248 33.204 4.828 175489.763
1.937000 70.245 33.201 4.828 175432.713
1.938000 70.242 33.198 4.828 175554.503
1.939000 70.239 33.195 4.828 175582.164
1.940000 70.236 33.192 4.828 175595.473
1.941000 70.233 33.189 4.828 175826.753
1.942000 70.230 33.186 4.828 175757.673
1.943000 70.227 33.183 4.828 175737.407
1.944000 70.224 33.180 4.828 175787.012
1.945000 70.221 33.177 4.828 175754.513
1.946000 70.218 33.174 4.828 175712.656
1.947000 70.215 33.172 4.828 175752.083
1.948000 70.212 33.169 4.828 175783.300
1.949000 70.209 33.166 4.828 175747.214
1.950000 70.206 33.163 4.828 175740.882
1.951000 70.203 33.160 4.828 175816.509
1.952000 70.200 33.157 4.828 175913.547
1.953000 70.197 33.154 4.828 176026.106
1.954000 70.194 33.151 4.828 175966.505
1.955000 70.191 33.148 4.828 175870.979
1.956000 70.188 33.145 4.828 175745.057
1.957000 70.185 33.142 4.828 175877.123
1.958000 70.182 33.140 4.828 175956.137
1.959000 70.180 33.137 4.828 175827.116
1.960000 70.177 33.134 4.828 175752.167
1.961000 70.174 33.131 4.828 175805.544
1.962000 70.171 33.128 4.828 175810.445
1.963000 70.168 33.125 4.828 175948.403
1.964000 70.165 33.122 4.828 175863.289
1.965000 70.162 33.119 4.828 175881.314
1.966000 70.159 33.116 4.828 175911.273
1.967000 70.156 33.114 4.828 175834.754
1.968000 70.153 33.111 4.828 175832.717
1.969000 70.150 33.108 4.828 175864.872
1.970000 70.147 33.105 4.828 175872.084
1.971000 70.144 33.102 4.828 175923.446
1.972000 70.141 33.099 4.828 175909.345
1.973000 70.138 33.096 4.828 175900.395
1.974000 70.135 33.094 4.828 175981.456
1.975000 70.132 33.091 4.828 176061.523
1.976000 70.129 33.088 4.828 176164.216
1.977000 70.126 33.085 4.828 176180.934
1.978000 70.123 33.082 4.828 176292.264
1.979000 70.121 33.079 4.828 176388.404
1.980000 70.118 33.076 4.828 176406.517
1.981000 70.115 33.074 4.828 176454.376
1.982000 70.112 33.071 4.828 176437.274
1.983000 70.109 33.068 4.828 176457.751
1.984000 70.106 33.065 4.828 176480.318
1.985000 70.103 33.062 4.828 176495.609
1.986000 70.100 33.059 4.828 176580.545
1.987000 70.097 33.056 4.828 176493.109
1.988000 70.094 33.054 4.828 176462.274
1.989000 70.091 33.051 4.828 176482.040
1.990000 70.088 33.048 4.828 176556.801
1.991000 70.085 33.045 4.828 176422.136
1.992000 70.082 33.042 4.828 176430.578
1.993000 70.079 33.040 4.828 176474.670
1.994000 70.076 33.037 4.828 176471.278
1.995000 70.073 33.034 4.828 176452.100
1.996000 70.070 33.031 4.828 176558.811
1.997000 70.068 33.028 4.828 176543.021
1.998000 70.065 33.025 4.828 176543.238
1.999000 70.062 33.023 4.828 176570.017
2.000000 70.059 33.020 4.828 176569.382
