0.001000 79.998 44.499 5.020 101630.065
0.002000 79.998 44.499 5.020 101558.581
0.003000 79.868 44.274 5.020 101520.923
0.004000 78.700 42.863 5.000 101525.733
0.005000 78.700 42.863 5.000 101519.684
0.006000 78.678 42.875 4.986 101514.293
0.007000 78.699 42.862 5.000 101512.235
0.008000 78.699 42.862 5.000 101512.703
0.009000 78.699 42.861 5.000 101514.594
0.010000 78.698 42.861 5.000 101517.236
0.011000 78.737 42.837 4.999 101519.966
0.012000 78.715 42.849 5.024 101522.461
0.013000 78.697 42.859 5.000 101524.554
0.014000 78.697 42.858 5.000 101526.204
0.015000 78.696 42.857 5.000 101527.378
0.016000 78.696 42.856 5.000 101528.083
0.017000 78.695 42.855 5.000 101528.334
0.018000 78.695 42.854 5.000 101528.184
0.019000 78.694 42.853 5.000 101527.758
0.020000 78.693 42.852 5.000 101527.206
0.021000 78.710 42.841 5.024 101526.773
0.022000 78.709 42.839 5.024 101526.576
0.023000 78.709 42.838 5.024 101526.631
0.024000 78.729 42.824 4.999 101526.842
0.025000 78.729 42.823 4.999 101527.099
0.026000 78.728 42.821 4.999 101527.336
0.027000 78.727 42.820 4.999 101527.540
0.028000 78.726 42.818 4.999 101527.730
0.029000 78.725 42.817 4.999 101527.916
0.030000 78.724 42.815 4.999 101528.093
0.031000 78.723 42.813 4.999 101528.238
0.032000 78.722 42.812 4.999 101528.329
0.033000 78.721 42.810 4.999 101528.360
0.034000 78.720 42.808 4.999 101528.340
0.035000 78.719 42.806 4.999 101528.284
0.036000 78.718 42.804 4.999 101528.208
0.037000 78.716 42.802 4.999 101528.126
0.038000 78.715 42.800 4.999 101528.049
0.039000 78.714 42.797 4.999 101527.968
0.040000 78.713 42.795 4.999 101527.863
0.041000 78.711 42.793 4.999 101527.706
0.042000 78.710 42.790 4.999 101527.497
0.043000 78.708 42.788 4.999 101527.281
0.044000 78.707 42.786 4.999 101527.148
0.045000 78.706 42.783 4.999 101527.190
0.046000 78.704 42.780 4.999 101527.456
0.047000 78.703 42.778 4.999 101527.924
0.048000 78.895 42.663 5.086 101528.759
0.049000 78.893 42.660 5.086 101529.637
0.050000 78.892 42.658 5.086 101530.370
0.051000 78.890 42.655 5.086 101530.896
0.052000 78.888 42.652 5.086 101531.222
0.053000 78.887 42.649 5.086 101531.423
0.054000 78.885 42.646 5.086 101531.612
0.055000 78.883 42.643 5.086 101531.893
0.056000 78.881 42.640 5.086 101532.316
0.057000 78.879 42.636 5.086 101532.871
0.058000 78.877 42.633 5.086 101533.498
0.059000 78.876 42.630 5.086 101534.123
0.060000 78.874 42.626 5.086 101534.691
0.061000 78.872 42.623 5.086 101535.191
0.062000 78.870 42.620 5.086 101535.652
0.063000 78.868 42.616 5.086 101536.122
0.064000 78.866 42.612 5.086 101536.647
0.065000 78.863 42.609 5.086 101537.252
0.066000 78.861 42.605 5.086 101537.940
0.067000 78.859 42.601 5.086 101538.706
0.068000 78.857 42.597 5.086 101539.518
0.069000 78.855 42.594 5.086 101540.326
0.070000 78.852 42.590 5.086 101541.061
0.071000 78.850 42.586 5.086 101541.672
0.072000 78.848 42.582 5.086 101542.153
0.073000 78.845 42.578 5.086 101542.537
0.074000 78.843 42.573 5.086 101542.862
0.075000 78.841 42.569 5.086 101543.149
0.076000 78.838 42.565 5.086 101543.400
0.077000 78.836 42.561 5.086 101543.636
0.078000 78.833 42.556 5.086 101543.900
0.079000 78.830 42.552 5.086 101544.255
0.080000 78.828 42.547 5.086 101544.751
0.081000 78.825 42.543 5.086 101545.395
0.082000 78.823 42.538 5.086 101546.143
0.083000 78.820 42.533 5.086 101546.935
0.084000 78.817 42.529 5.086 101547.721
0.085000 78.814 42.524 5.086 101548.477
0.086000 78.812 42.519 5.086 101549.187
0.087000 78.809 42.514 5.086 101549.819
0.088000 78.806 42.509 5.086 101550.317
0.089000 78.803 42.504 5.086 101550.633
0.090000 78.800 42.499 5.086 101550.789
0.091000 78.797 42.494 5.086 101550.895
0.092000 78.794 42.489 5.086 101551.087
0.093000 78.791 42.484 5.086 101551.429
0.094000 78.788 42.478 5.086 101551.871
0.095000 78.785 42.473 5.086 101552.316
0.096000 78.782 42.468 5.086 101552.732
0.097000 78.779 42.462 5.086 101553.167
0.098000 78.776 42.457 5.086 101553.682
0.099000 78.772 42.451 5.086 101554.288
0.100000 78.769 42.446 5.086 101554.964
0.101000 78.766 42.440 5.086 101555.707
0.102000 78.763 42.434 5.086 101556.536
0.103000 78.759 42.428 5.086 101557.449
0.104000 78.756 42.423 5.086 101558.382
0.105000 78.752 42.417 5.086 101559.227
0.106000 78.749 42.411 5.086 101559.906
0.107000 78.746 42.405 5.086 101560.421
0.108000 78.742 42.399 5.086 101560.838
0.109000 78.739 42.392 5.086 101561.250
0.110000 78.735 42.386 5.086 101561.726
0.111000 78.731 42.380 5.086 101562.313
0.112000 78.728 42.374 5.086 101563.039
0.113000 78.724 42.367 5.086 101563.899
0.114000 78.720 42.361 5.086 101564.835
0.115000 78.717 42.355 5.086 101565.764
0.116000 78.713 42.348 5.086 101566.613
0.117000 78.709 42.341 5.086 101567.308
0.118000 78.705 42.335 5.086 101567.797
0.119000 78.701 42.328 5.086 101568.071
0.120000 78.698 42.321 5.086 101568.156
0.121000 78.694 42.315 5.086 101568.101
0.122000 78.690 42.308 5.086 101567.990
0.123000 78.686 42.301 5.086 101567.916
0.124000 78.682 42.294 5.086 101567.987
0.125000 78.678 42.287 5.086 101568.285
0.126000 78.673 42.280 5.086 101568.845
0.127000 78.669 42.273 5.086 101569.650
0.128000 78.665 42.265 5.086 101570.634
0.129000 78.661 42.258 5.086 101571.703
0.130000 78.657 42.251 5.086 101572.755
0.131000 78.653 42.244 5.086 101573.697
0.132000 78.648 42.236 5.086 101574.474
0.133000 78.644 42.229 5.086 101575.106
0.134000 78.640 42.221 5.086 101575.657
0.135000 78.635 42.214 5.086 101576.219
0.136000 78.631 42.206 5.086 101576.871
0.137000 78.626 42.198 5.086 101577.657
0.138000 78.622 42.190 5.086 101578.592
0.139000 78.617 42.183 5.086 101579.688
0.140000 78.613 42.175 5.086 101580.976
0.141000 78.608 42.167 5.086 101582.480
0.142000 78.604 42.159 5.086 101584.196
0.143000 78.599 42.151 5.086 101586.076
0.144000 78.594 42.143 5.086 101588.044
0.145000 78.590 42.135 5.086 101590.033
0.146000 78.585 42.126 5.086 101592.001
0.147000 78.580 42.118 5.086 101593.939
0.148000 78.575 42.110 5.086 101595.869
0.149000 78.571 42.101 5.086 101597.812
0.150000 78.566 42.093 5.086 101599.771
0.151000 78.561 42.085 5.086 101601.700
0.152000 78.556 42.076 5.086 101603.505
0.153000 78.551 42.067 5.086 101605.057
0.154000 78.546 42.059 5.086 101606.260
0.155000 78.541 42.050 5.086 101600.372
0.156000 78.536 42.041 5.086 101596.460
0.157000 78.531 42.033 5.086 101594.779
0.158000 78.526 42.024 5.086 101594.009
0.159000 78.521 42.015 5.086 101593.634
0.160000 78.516 42.007 5.086 101593.528
0.161000 78.511 41.998 5.086 101593.640
0.162000 78.506 41.989 5.086 101593.874
0.163000 78.501 41.981 5.086 101594.096
0.164000 78.496 41.972 5.086 101594.203
0.165000 78.491 41.963 5.086 101594.162
0.166000 78.486 41.955 5.086 101593.999
0.167000 78.481 41.946 5.086 101593.784
0.168000 78.476 41.938 5.086 101593.587
0.169000 78.471 41.929 5.086 101593.503
0.170000 78.466 41.920 5.086 101593.629
0.171000 78.461 41.912 5.086 101594.048
0.172000 78.456 41.903 5.086 101594.810
0.173000 78.451 41.894 5.086 101595.880
0.174000 78.446 41.886 5.086 101597.177
0.175000 78.441 41.877 5.086 101598.589
0.176000 78.436 41.868 5.086 101600.034
0.177000 78.431 41.860 5.086 101601.446
0.178000 78.426 41.851 5.086 101602.824
0.179000 78.421 41.842 5.086 101604.145
0.180000 78.416 41.834 5.086 101605.379
0.181000 78.411 41.825 5.086 101606.458
0.182000 78.406 41.816 5.086 101607.296
0.183000 78.401 41.808 5.086 101607.811
0.184000 78.396 41.799 5.086 101607.964
0.185000 78.391 41.790 5.086 101607.804
0.186000 78.386 41.782 5.086 101607.464
0.187000 78.381 41.773 5.086 101607.151
0.188000 78.376 41.764 5.086 101607.070
0.189000 78.371 41.756 5.086 101607.341
0.190000 78.366 41.747 5.086 101607.984
0.191000 78.361 41.738 5.086 101608.926
0.192000 78.356 41.730 5.086 101610.031
0.193000 78.351 41.721 5.086 101611.157
0.194000 78.346 41.712 5.086 101612.175
0.195000 78.308 41.722 4.855 101613.283
0.196000 78.303 41.714 4.855 101614.249
0.197000 78.298 41.705 4.855 101615.025
0.198000 78.293 41.696 4.855 101615.680
0.199000 78.288 41.688 4.855 101616.228
0.200000 78.283 41.679 4.855 101616.854
0.201000 78.278 41.670 4.855 101617.610
0.202000 78.273 41.662 4.855 101618.634
0.203000 78.268 41.653 4.855 101619.984
0.204000 78.263 41.644 4.855 101621.647
0.205000 78.258 41.636 4.855 101623.638
0.206000 78.253 41.627 4.855 101625.825
0.207000 78.248 41.618 4.855 101628.154
0.208000 78.243 41.610 4.855 101630.538
0.209000 78.238 41.601 4.855 101633.016
0.210000 78.233 41.592 4.855 101635.446
0.211000 78.228 41.584 4.855 101637.962
0.212000 78.223 41.575 4.855 101640.635
0.213000 78.218 41.567 4.855 101643.816
0.214000 78.213 41.558 4.855 101647.072
0.215000 78.208 41.549 4.855 101651.263
0.216000 78.223 41.529 4.885 101655.344
0.217000 78.218 41.520 4.885 101661.047
0.218000 78.213 41.512 4.885 101667.178
0.219000 78.208 41.503 4.885 101675.574
0.220000 78.203 41.494 4.885 101683.574
0.221000 78.198 41.486 4.885 101693.347
0.222000 78.173 41.489 4.855 101704.077
0.223000 78.168 41.480 4.855 101713.211
0.224000 78.163 41.471 4.855 101727.206
0.225000 78.135 41.476 4.828 101740.766
0.226000 78.130 41.467 4.828 101745.699
0.227000 78.125 41.459 4.828 101742.822
0.228000 78.120 41.450 4.828 101735.930
0.229000 78.115 41.441 4.828 101727.357
0.230000 78.110 41.433 4.828 101718.350
0.231000 78.105 41.424 4.828 101709.260
0.232000 78.123 41.402 4.855 101702.007
0.233000 78.138 41.382 4.885 101696.018
0.234000 78.133 41.373 4.885 101690.098
0.235000 78.128 41.364 4.885 101684.543
0.236000 78.123 41.356 4.885 101678.831
0.237000 78.118 41.347 4.885 101672.911
0.238000 78.113 41.338 4.885 101667.123
0.239000 78.108 41.330 4.885 101661.843
0.240000 78.103 41.321 4.885 101657.557
0.241000 78.098 41.312 4.885 101653.705
0.242000 78.093 41.303 4.885 101650.461
0.243000 78.088 41.294 4.885 101648.055
0.244000 78.083 41.286 4.885 101646.515
0.245000 78.091 41.270 5.086 101645.881
0.246000 78.086 41.261 5.086 101646.391
0.247000 78.081 41.252 5.086 101647.028
0.248000 78.076 41.243 5.086 101647.835
0.249000 78.071 41.234 5.086 101648.883
0.250000 78.066 41.226 5.086 101650.120
0.251000 78.061 41.217 5.086 101651.387
0.252000 78.056 41.208 5.086 101652.704
0.253000 78.051 41.199 5.086 101654.142
0.254000 78.046 41.190 5.086 101655.560
0.255000 78.041 41.181 5.086 101656.887
0.256000 78.036 41.172 5.086 101658.087
0.257000 78.031 41.163 5.086 101659.321
0.258000 78.026 41.155 5.086 101660.674
0.259000 78.021 41.146 5.086 101661.995
0.260000 78.016 41.137 5.086 101663.264
0.261000 78.011 41.128 5.086 101664.693
0.262000 78.006 41.119 5.086 101666.375
0.263000 78.001 41.110 5.086 101668.273
0.264000 77.996 41.101 5.086 101670.538
0.265000 77.991 41.092 5.086 101673.354
0.266000 77.986 41.083 5.086 101676.873
0.267000 77.981 41.074 5.086 101680.648
0.268000 77.976 41.065 5.086 101684.382
0.269000 77.971 41.056 5.086 101688.127
0.270000 77.966 41.047 5.086 101691.771
0.271000 77.961 41.038 5.086 101695.624
0.272000 77.956 41.029 5.086 101699.862
0.273000 77.951 41.020 5.086 101704.185
0.274000 77.946 41.010 5.086 101708.676
0.275000 77.951 40.995 5.050 101713.090
0.276000 77.958 40.980 4.980 101718.031
0.277000 77.953 40.971 4.980 101724.483
0.278000 77.948 40.962 4.980 101731.381
0.279000 77.943 40.952 4.980 101738.630
0.280000 77.938 40.943 4.980 101746.108
0.281000 77.933 40.934 4.980 101753.712
0.282000 77.928 40.925 4.980 101762.464
0.283000 77.923 40.916 4.980 101772.703
0.284000 77.918 40.907 4.980 101783.787
0.285000 77.913 40.897 4.980 101795.856
0.286000 77.908 40.888 4.980 101806.037
0.287000 77.903 40.879 4.980 101819.358
0.288000 77.898 40.870 4.980 101834.555
0.289000 77.893 40.861 4.980 101849.119
0.290000 77.888 40.851 4.980 101864.686
0.291000 77.871 40.849 5.050 101895.201
0.292000 77.866 40.839 5.050 101919.500
0.293000 77.861 40.830 5.050 101939.169
0.294000 77.856 40.821 5.050 102011.346
0.295000 77.851 40.812 5.050 102069.636
0.296000 77.836 40.808 5.086 102142.783
0.297000 77.831 40.799 5.086 102301.929
0.298000 77.826 40.790 5.086 102603.581
0.299000 77.821 40.780 5.086 104813.079
0.300000 77.816 40.771 5.086 109974.070
0.301000 77.811 40.762 5.086 114013.781
0.302000 77.806 40.752 5.086 116553.737
0.303000 77.801 40.743 5.086 118454.047
0.304000 77.813 40.724 5.014 120728.250
0.305000 77.813 40.712 4.980 127694.014
0.306000 77.808 40.702 4.980 136828.374
0.307000 77.803 40.693 4.980 149081.819
0.308000 77.798 40.684 4.980 164068.596
0.309000 77.793 40.674 4.980 177580.877
0.310000 77.783 40.667 5.014 189248.327
0.311000 77.778 40.658 5.014 201701.340
0.312000 77.773 40.648 5.014 210760.440
0.313000 77.761 40.643 5.050 219871.542
0.314000 77.746 40.639 5.086 227482.786
0.315000 77.741 40.630 5.086 233619.215
0.316000 77.736 40.620 5.086 235253.584
0.317000 77.731 40.611 5.086 235743.423
0.318000 77.726 40.601 5.086 235558.898
0.319000 77.721 40.592 5.086 234099.182
0.320000 77.684 40.601 4.855 233057.583
0.321000 77.679 40.592 4.855 233642.767
0.322000 77.674 40.582 4.855 233450.371
0.323000 77.669 40.573 4.855 232224.878
0.324000 77.589 40.606 4.993 237213.363
0.325000 77.563 40.609 4.970 241648.763
0.326000 77.558 40.599 4.970 242720.131
0.327000 77.530 40.603 4.944 241529.032
0.328000 77.500 40.608 4.918 240161.031
0.329000 77.496 40.599 4.918 237651.094
0.330000 77.491 40.589 4.918 233200.675
0.331000 77.465 40.592 4.948 227764.051
0.332000 77.460 40.582 4.948 221442.935
0.333000 77.653 40.459 5.086 214593.224
0.334000 77.648 40.449 5.086 211639.895
0.335000 77.643 40.440 5.086 208456.351
0.336000 77.638 40.430 5.086 205151.395
0.337000 77.634 40.421 5.086 201811.127
0.338000 77.629 40.411 5.086 198550.717
0.339000 77.646 40.389 4.980 195913.721
0.340000 77.641 40.380 4.980 193668.019
0.341000 77.636 40.370 4.980 191792.267
0.342000 77.632 40.361 4.980 190284.907
0.343000 77.627 40.351 4.980 189136.198
0.344000 77.622 40.342 4.980 188290.038
0.345000 77.617 40.332 4.980 187627.346
0.346000 77.613 40.323 4.980 187223.275
0.347000 77.608 40.313 4.980 187053.108
0.348000 77.603 40.304 4.980 187088.531
0.349000 77.599 40.294 4.980 187300.504
0.350000 77.594 40.285 4.980 187679.901
0.351000 77.589 40.275 4.980 188210.168
0.352000 77.585 40.266 4.980 188868.331
0.353000 77.580 40.256 4.980 189547.404
0.354000 77.575 40.247 4.980 189708.718
0.355000 77.571 40.237 4.980 189670.713
0.356000 77.566 40.228 4.980 189626.407
0.357000 77.562 40.218 4.980 189591.039
0.358000 77.557 40.208 4.980 189590.699
0.359000 77.552 40.199 4.980 189618.982
0.360000 77.548 40.189 4.980 189705.803
0.361000 77.543 40.180 4.980 189856.173
0.362000 77.539 40.170 4.980 190057.907
0.363000 77.534 40.161 4.980 190292.007
0.364000 77.529 40.151 4.980 190519.326
0.365000 77.525 40.142 4.980 190695.005
0.366000 77.520 40.132 4.980 190781.852
0.367000 77.516 40.123 4.980 190782.236
0.368000 77.511 40.113 4.980 190619.548
0.369000 77.507 40.104 4.980 190315.332
0.370000 77.502 40.094 4.980 189899.810
0.371000 77.498 40.084 4.980 189421.851
0.372000 77.493 40.075 4.980 188930.988
0.373000 77.489 40.065 4.980 188467.197
0.374000 77.484 40.056 4.980 188070.647
0.375000 77.479 40.046 4.980 187753.231
0.376000 77.475 40.037 4.980 187536.810
0.377000 77.470 40.027 4.980 187422.307
0.378000 77.466 40.018 4.980 187387.509
0.379000 77.461 40.008 4.980 187412.062
0.380000 77.457 39.999 4.980 187464.177
0.381000 77.453 39.989 4.980 187537.982
0.382000 77.448 39.979 4.980 187621.541
0.383000 77.444 39.970 4.980 187701.788
0.384000 77.439 39.960 4.980 187765.385
0.385000 77.435 39.951 4.980 187798.294
0.386000 77.430 39.941 4.980 187794.274
0.387000 77.426 39.932 4.980 187761.334
0.388000 77.421 39.922 4.980 187686.563
0.389000 77.417 39.912 4.980 187566.944
0.390000 77.412 39.903 4.980 187420.997
0.391000 77.408 39.893 4.980 187268.617
0.392000 77.404 39.884 4.980 187115.847
0.393000 77.399 39.874 4.980 186959.436
0.394000 77.395 39.865 4.980 186802.416
0.395000 77.390 39.855 4.980 186658.678
0.396000 77.386 39.845 4.980 186525.674
0.397000 77.382 39.836 4.980 186410.432
0.398000 77.377 39.826 4.980 186312.131
0.399000 77.373 39.817 4.980 186258.050
0.400000 77.368 39.807 4.980 186250.903
0.401000 77.364 39.798 4.980 186252.109
0.402000 77.360 39.788 4.980 186248.534
0.403000 77.355 39.778 4.980 186210.617
0.404000 77.351 39.769 4.980 186150.119
0.405000 77.347 39.759 4.980 186084.606
0.406000 77.342 39.750 4.980 186003.318
0.407000 77.338 39.740 4.980 185901.321
0.408000 77.334 39.731 4.980 185803.497
0.409000 77.329 39.721 4.980 185711.515
0.410000 77.325 39.711 4.980 185653.859
0.411000 77.321 39.702 4.980 185607.263
0.412000 77.316 39.692 4.980 185547.314
0.413000 77.312 39.683 4.980 185514.359
0.414000 77.308 39.673 4.980 185503.695
0.415000 77.303 39.663 4.980 185509.938
0.416000 77.299 39.654 4.980 185504.728
0.417000 77.295 39.644 4.980 185462.262
0.418000 77.290 39.635 4.980 185387.949
0.419000 77.286 39.625 4.980 185311.137
0.420000 77.282 39.615 4.980 185209.264
0.421000 77.278 39.606 4.980 185098.910
0.422000 77.273 39.596 4.980 185010.866
0.423000 77.269 39.587 4.980 184948.203
0.424000 77.265 39.577 4.980 184938.010
0.425000 77.260 39.567 4.980 184979.131
0.426000 77.256 39.558 4.980 185025.471
0.427000 77.252 39.548 4.980 185051.689
0.428000 77.248 39.539 4.980 185040.939
0.429000 77.243 39.529 4.980 185056.479
0.430000 77.239 39.519 4.980 185046.013
0.431000 77.235 39.510 4.980 185031.950
0.432000 77.231 39.500 4.980 185010.940
0.433000 77.226 39.491 4.980 184936.980
0.434000 77.222 39.481 4.980 184894.475
0.435000 77.218 39.471 4.980 183950.058
0.436000 77.214 39.462 4.980 183312.120
0.437000 77.209 39.452 4.980 182166.962
0.438000 77.205 39.442 4.980 180935.863
0.439000 77.201 39.433 4.980 179572.546
0.440000 77.175 39.436 5.086 178676.368
0.441000 77.171 39.426 5.086 178604.691
0.442000 77.167 39.416 5.086 178538.082
0.443000 77.162 39.407 5.086 178536.052
0.444000 77.158 39.397 5.086 178527.993
0.445000 77.154 39.388 5.086 178499.524
0.446000 77.150 39.378 5.086 178455.740
0.447000 77.146 39.368 5.086 178420.347
0.448000 77.142 39.359 5.086 178388.573
0.449000 77.137 39.349 5.086 178382.963
0.450000 77.133 39.339 5.086 178426.512
0.451000 77.129 39.330 5.086 178480.446
0.452000 77.125 39.320 5.086 178555.622
0.453000 77.121 39.310 5.086 178603.472
0.454000 77.116 39.301 5.086 178596.059
0.455000 77.112 39.291 5.086 178642.618
0.456000 77.108 39.282 5.086 178649.675
0.457000 77.104 39.272 5.086 178638.760
0.458000 77.100 39.262 5.086 178682.960
0.459000 77.096 39.253 5.086 178648.213
0.460000 77.092 39.243 5.086 178612.132
0.461000 77.087 39.233 5.086 178665.217
0.462000 77.083 39.224 5.086 178691.270
0.463000 77.079 39.214 5.086 178750.853
0.464000 77.075 39.204 5.086 178783.435
0.465000 77.071 39.195 5.086 178790.904
0.466000 77.067 39.185 5.086 178802.109
0.467000 77.063 39.176 5.086 178894.423
0.468000 77.059 39.166 5.086 178860.470
0.469000 77.054 39.156 5.086 178813.737
0.470000 77.050 39.147 5.086 178875.153
0.471000 77.046 39.137 5.086 178893.841
0.472000 77.042 39.127 5.086 178882.104
0.473000 77.038 39.118 5.086 178901.848
0.474000 77.034 39.108 5.086 178886.427
0.475000 77.030 39.098 5.086 178989.534
0.476000 77.026 39.089 5.086 178999.606
0.477000 77.022 39.079 5.086 179039.306
0.478000 77.018 39.069 5.086 179167.386
0.479000 77.014 39.060 5.086 179296.232
0.480000 77.009 39.050 5.086 179334.954
0.481000 77.005 39.040 5.086 179421.298
0.482000 77.001 39.031 5.086 179515.251
0.483000 76.997 39.021 5.086 179544.327
0.484000 76.993 39.011 5.086 179551.296
0.485000 76.989 39.002 5.086 179510.432
0.486000 76.985 38.992 5.086 179540.918
0.487000 76.981 38.982 5.086 179607.453
0.488000 76.977 38.973 5.086 179700.735
0.489000 76.973 38.963 5.086 179803.577
0.490000 76.969 38.953 5.086 179840.534
0.491000 76.965 38.944 5.086 179904.402
0.492000 76.961 38.934 5.086 179863.047
0.493000 76.957 38.924 5.086 179899.375
0.494000 76.953 38.915 5.086 179935.307
0.495000 76.949 38.905 5.086 179955.118
0.496000 76.945 38.895 5.086 179961.768
0.497000 76.941 38.886 5.086 180047.408
0.498000 76.937 38.876 5.086 180034.441
0.499000 76.933 38.866 5.086 180053.656
0.500000 76.929 38.857 5.086 180119.331
0.501000 76.925 38.847 5.086 180200.732
0.502000 76.921 38.837 5.086 180334.331
0.503000 76.917 38.828 5.086 180406.013
0.504000 76.913 38.818 5.086 180404.533
0.505000 76.909 38.808 5.086 180491.650
0.506000 76.905 38.799 5.086 180530.167
0.507000 76.901 38.789 5.086 180598.551
0.508000 76.897 38.779 5.086 180724.703
0.509000 76.893 38.770 5.086 180778.775
0.510000 76.889 38.760 5.086 180874.961
0.511000 76.885 38.750 5.086 180845.679
0.512000 76.881 38.741 5.086 180915.704
0.513000 76.877 38.731 5.086 180926.791
0.514000 76.873 38.721 5.086 181037.722
0.515000 76.869 38.712 5.086 181122.035
0.516000 76.865 38.702 5.086 181217.337
0.517000 76.861 38.692 5.086 181255.837
0.518000 76.857 38.683 5.086 181194.403
0.519000 76.853 38.673 5.086 181241.014
0.520000 76.849 38.663 5.086 181258.763
0.521000 76.845 38.654 5.086 181384.815
0.522000 76.841 38.644 5.086 181437.910
0.523000 76.837 38.634 5.086 181563.329
0.524000 76.833 38.625 5.086 181522.103
0.525000 76.829 38.615 5.086 181454.557
0.526000 76.826 38.605 5.086 181458.026
0.527000 76.822 38.596 5.086 181539.764
0.528000 76.818 38.586 5.086 181558.130
0.529000 76.814 38.576 5.086 181574.509
0.530000 76.810 38.567 5.086 181672.968
0.531000 76.806 38.557 5.086 181834.910
0.532000 76.802 38.547 5.086 181909.454
0.533000 76.798 38.538 5.086 181949.790
0.534000 76.794 38.528 5.086 182057.127
0.535000 76.790 38.518 5.086 182132.155
0.536000 76.786 38.508 5.086 182287.245
0.537000 76.783 38.499 5.086 182312.136
0.538000 76.779 38.489 5.086 182406.000
0.539000 76.775 38.479 5.086 182421.525
0.540000 76.771 38.470 5.086 182493.147
0.541000 76.767 38.460 5.086 182685.682
0.542000 76.763 38.450 5.086 182823.026
0.543000 76.759 38.441 5.086 182818.028
0.544000 76.755 38.431 5.086 182748.756
0.545000 76.751 38.421 5.086 182823.855
0.546000 76.748 38.412 5.086 182785.252
0.547000 76.744 38.402 5.086 182939.350
0.548000 76.740 38.392 5.086 182959.971
0.549000 76.736 38.383 5.086 182990.845
0.550000 76.732 38.373 5.086 183022.687
0.551000 76.728 38.363 5.086 183001.082
0.552000 76.724 38.354 5.086 182995.368
0.553000 76.721 38.344 5.086 183024.215
0.554000 76.717 38.334 5.086 183089.961
0.555000 76.713 38.325 5.086 183136.482
0.556000 76.709 38.315 5.086 183297.707
0.557000 76.705 38.305 5.086 183406.629
0.558000 76.701 38.295 5.086 183610.244
0.559000 76.698 38.286 5.086 183594.299
0.560000 76.694 38.276 5.086 183867.284
0.561000 76.690 38.266 5.086 183934.008
0.562000 76.686 38.257 5.086 183960.896
0.563000 76.682 38.247 5.086 184006.031
0.564000 76.678 38.237 5.086 184119.360
0.565000 76.675 38.228 5.086 184275.644
0.566000 76.671 38.218 5.086 184210.127
0.567000 76.667 38.208 5.086 184394.491
0.568000 76.663 38.199 5.086 184467.622
0.569000 76.659 38.189 5.086 184544.713
0.570000 76.656 38.179 5.086 184626.903
0.571000 76.652 38.170 5.086 184676.304
0.572000 76.648 38.160 5.086 184737.549
0.573000 76.644 38.150 5.086 184797.220
0.574000 76.640 38.141 5.086 184943.046
0.575000 76.637 38.131 5.086 184968.240
0.576000 76.633 38.121 5.086 185064.774
0.577000 76.629 38.112 5.086 185111.792
0.578000 76.625 38.102 5.086 185130.208
0.579000 76.621 38.092 5.086 185266.667
0.580000 76.618 38.083 5.086 185426.010
0.581000 76.614 38.073 5.086 185486.899
0.582000 76.610 38.063 5.086 185774.888
0.583000 76.606 38.054 5.086 185884.938
0.584000 76.602 38.044 5.086 186016.825
0.585000 76.599 38.034 5.086 186264.034
0.586000 76.595 38.025 5.086 186608.607
0.587000 76.591 38.015 5.086 186823.460
0.588000 76.587 38.005 5.086 187240.731
0.589000 76.583 37.996 5.086 187453.372
0.590000 76.580 37.986 5.086 187683.250
0.591000 76.576 37.976 5.086 187856.421
0.592000 76.572 37.967 5.086 188078.870
0.593000 76.568 37.957 5.086 188524.683
0.594000 76.565 37.947 5.086 188785.519
0.595000 76.561 37.938 5.086 189107.279
0.596000 76.557 37.928 5.086 189456.200
0.597000 76.553 37.919 5.086 189807.357
0.598000 76.549 37.909 5.086 190230.165
0.599000 76.545 37.899 5.086 190599.519
0.600000 76.541 37.890 5.086 190881.599
0.601000 76.538 37.880 5.086 191122.290
0.602000 76.534 37.871 5.086 191428.576
0.603000 76.552 37.849 4.980 191814.943
0.604000 76.548 37.839 4.980 192110.862
0.605000 76.544 37.830 4.980 192297.007
0.606000 76.540 37.820 4.980 192338.796
0.607000 76.536 37.810 4.980 192198.531
0.608000 76.532 37.801 4.980 192028.888
0.609000 76.528 37.791 4.980 191747.663
0.610000 76.519 37.785 4.946 191615.943
0.611000 76.515 37.775 4.946 191498.275
0.612000 76.511 37.766 4.946 191309.345
0.613000 76.507 37.756 4.946 191242.595
0.614000 76.502 37.747 4.946 190998.910
0.615000 76.498 37.737 4.946 190694.366
0.616000 76.494 37.728 4.946 190383.686
0.617000 76.490 37.719 4.946 190148.504
0.618000 76.486 37.709 4.946 189928.134
0.619000 76.482 37.700 4.946 189790.916
0.620000 76.482 37.688 4.980 189581.364
0.621000 76.478 37.678 4.980 189479.240
0.622000 76.474 37.669 4.980 189563.352
0.623000 76.470 37.660 4.980 189570.462
0.624000 76.461 37.653 4.946 189638.385
0.625000 76.457 37.643 4.946 189982.899
0.626000 76.452 37.634 4.946 190320.500
0.627000 76.448 37.625 4.946 190673.953
0.628000 76.444 37.615 4.946 191057.235
0.629000 76.440 37.606 4.946 191271.828
0.630000 76.435 37.597 4.946 191539.175
0.631000 76.431 37.588 4.946 191765.992
0.632000 76.427 37.578 4.946 191920.161
0.633000 76.427 37.566 4.980 192009.288
0.634000 76.423 37.557 4.980 192157.804
0.635000 76.418 37.548 4.980 192237.715
0.636000 76.414 37.539 4.980 192454.660
0.637000 76.409 37.529 4.980 192513.133
0.638000 76.405 37.520 4.980 192449.252
0.639000 76.400 37.511 4.980 192306.300
0.640000 76.396 37.502 4.980 192196.752
0.641000 76.391 37.493 4.980 192105.369
0.642000 76.387 37.483 4.980 191976.105
0.643000 76.382 37.474 4.980 191832.162
0.644000 76.378 37.465 4.980 191762.383
0.645000 76.373 37.456 4.980 191788.493
0.646000 76.369 37.447 4.980 191726.676
0.647000 76.364 37.438 4.980 191675.743
0.648000 76.360 37.429 4.980 191599.740
0.649000 76.355 37.419 4.980 191639.831
0.650000 76.351 37.410 4.980 191772.919
0.651000 76.346 37.401 4.980 191883.673
0.652000 76.342 37.392 4.980 192029.198
0.653000 76.337 37.383 4.980 192201.476
0.654000 76.333 37.374 4.980 192410.397
0.655000 76.328 37.365 4.980 192571.894
0.656000 76.324 37.356 4.980 192751.563
0.657000 76.319 37.347 4.980 193052.970
0.658000 76.314 37.338 4.980 193219.878
0.659000 76.310 37.328 4.980 193554.778
0.660000 76.305 37.319 4.980 193801.036
0.661000 76.301 37.310 4.980 193999.979
0.662000 76.296 37.301 4.980 194051.307
0.663000 76.292 37.292 4.980 194092.196
0.664000 76.287 37.283 4.980 194160.048
0.665000 76.283 37.274 4.980 194116.293
0.666000 76.278 37.265 4.980 193968.025
0.667000 76.273 37.256 4.980 193780.746
0.668000 76.269 37.247 4.980 193656.185
0.669000 76.264 37.238 4.980 193508.441
0.670000 76.260 37.229 4.980 193201.546
0.671000 76.255 37.220 4.980 192960.466
0.672000 76.250 37.211 4.980 192692.811
0.673000 76.246 37.202 4.980 192380.209
0.674000 76.241 37.193 4.980 192123.450
0.675000 76.237 37.184 4.980 191816.920
0.676000 76.232 37.175 4.980 191662.894
0.677000 76.227 37.166 4.980 191396.327
0.678000 76.223 37.157 4.980 191243.656
0.679000 76.218 37.148 4.980 191123.366
0.680000 76.213 37.139 4.980 191153.375
0.681000 76.209 37.130 4.980 191064.930
0.682000 76.204 37.121 4.980 190930.898
0.683000 76.199 37.112 4.980 191069.961
0.684000 76.195 37.104 4.980 191096.110
0.685000 76.190 37.095 4.980 191224.726
0.686000 76.186 37.086 4.980 191392.185
0.687000 76.181 37.077 4.980 191516.008
0.688000 76.176 37.068 4.980 191709.491
0.689000 76.172 37.059 4.980 191938.057
0.690000 76.167 37.050 4.980 192191.053
0.691000 76.162 37.041 4.980 192426.001
0.692000 76.158 37.032 4.980 192581.305
0.693000 76.153 37.024 4.980 192747.192
0.694000 76.148 37.015 4.980 192904.813
0.695000 76.143 37.006 4.980 193075.111
0.696000 76.139 36.997 4.980 193225.528
0.697000 76.134 36.988 4.980 193372.791
0.698000 76.129 36.979 4.980 193441.474
0.699000 76.125 36.970 4.980 193335.184
0.700000 76.120 36.962 4.980 193407.277
0.701000 76.115 36.953 4.980 193192.956
0.702000 76.110 36.944 4.980 193103.511
0.703000 76.106 36.935 4.980 192965.365
0.704000 76.101 36.926 4.980 192883.773
0.705000 76.096 36.918 4.980 192750.970
0.706000 76.091 36.909 4.980 192507.617
0.707000 76.087 36.900 4.980 192505.299
0.708000 76.082 36.891 4.980 192277.435
0.709000 76.077 36.883 4.980 192207.405
0.710000 76.072 36.874 4.980 192219.998
0.711000 76.068 36.865 4.980 192088.535
0.712000 76.063 36.856 4.980 192121.153
0.713000 76.058 36.848 4.980 192098.340
0.714000 76.053 36.839 4.980 192106.434
0.715000 76.049 36.830 4.980 192146.084
0.716000 76.044 36.822 4.980 192321.510
0.717000 76.039 36.813 4.980 192289.809
0.718000 76.034 36.804 4.980 192357.385
0.719000 76.030 36.795 4.980 192330.814
0.720000 76.025 36.787 4.980 192423.258
0.721000 76.020 36.778 4.980 192549.121
0.722000 76.015 36.769 4.980 192744.689
0.723000 76.010 36.761 4.980 192873.517
0.724000 76.006 36.752 4.980 193065.548
0.725000 76.001 36.743 4.980 193029.238
0.726000 75.996 36.735 4.980 193102.777
0.727000 75.991 36.726 4.980 193223.525
0.728000 75.986 36.717 4.980 193213.845
0.729000 75.981 36.709 4.980 193211.634
0.730000 75.977 36.700 4.980 193255.160
0.731000 75.972 36.692 4.980 193324.329
0.732000 75.967 36.683 4.980 193421.115
0.733000 75.962 36.674 4.980 193408.068
0.734000 75.957 36.666 4.980 193379.291
0.735000 75.952 36.657 4.980 193439.263
0.736000 75.948 36.649 4.980 193310.898
0.737000 75.943 36.640 4.980 193244.523
0.738000 75.938 36.632 4.980 193221.057
0.739000 75.933 36.623 4.980 193241.276
0.740000 75.928 36.614 4.980 193153.271
0.741000 75.923 36.606 4.980 193075.166
0.742000 75.919 36.597 4.980 193004.873
0.743000 75.914 36.589 4.980 192948.802
0.744000 75.909 36.580 4.980 192903.643
0.745000 75.904 36.572 4.980 192898.495
0.746000 75.899 36.563 4.980 192937.079
0.747000 75.894 36.555 4.980 192993.815
0.748000 75.889 36.546 4.980 192981.572
0.749000 75.884 36.538 4.980 193027.126
0.750000 75.880 36.529 4.980 193066.958
0.751000 75.875 36.521 4.980 193165.360
0.752000 75.870 36.512 4.980 193274.046
0.753000 75.865 36.504 4.980 193313.784
0.754000 75.860 36.495 4.980 193277.959
0.755000 75.855 36.487 4.980 193253.029
0.756000 75.850 36.479 4.980 193331.058
0.757000 75.845 36.470 4.980 193316.403
0.758000 75.840 36.462 4.980 193357.719
0.759000 75.835 36.453 4.980 193414.668
0.760000 75.831 36.445 4.980 193488.640
0.761000 75.826 36.436 4.980 193584.782
0.762000 75.821 36.428 4.980 193534.178
0.763000 75.816 36.420 4.980 193501.275
0.764000 75.811 36.411 4.980 193564.239
0.765000 75.806 36.403 4.980 193481.229
0.766000 75.801 36.395 4.980 193637.610
0.767000 75.796 36.386 4.980 193757.516
0.768000 75.791 36.378 4.980 193817.972
0.769000 75.786 36.369 4.980 193809.474
0.770000 75.781 36.361 4.980 193816.591
0.771000 75.776 36.353 4.980 193714.942
0.772000 75.771 36.344 4.980 193714.746
0.773000 75.767 36.336 4.980 193817.863
0.774000 75.762 36.328 4.980 193799.286
0.775000 75.757 36.319 4.980 193872.053
0.776000 75.752 36.311 4.980 193909.031
0.777000 75.747 36.303 4.980 193773.923
0.778000 75.742 36.295 4.980 193911.184
0.779000 75.737 36.286 4.980 193814.083
0.780000 75.732 36.278 4.980 193803.717
0.781000 75.727 36.270 4.980 193827.702
0.782000 75.722 36.261 4.980 193767.482
0.783000 75.717 36.253 4.980 193785.924
0.784000 75.712 36.245 4.980 193795.563
0.785000 75.707 36.237 4.980 193797.331
0.786000 75.702 36.229 4.980 193960.814
0.787000 75.697 36.220 4.980 194010.223
0.788000 75.692 36.212 4.980 193993.222
0.789000 75.687 36.204 4.980 194147.438
0.790000 75.682 36.196 4.980 194117.008
0.791000 75.677 36.187 4.980 194091.052
0.792000 75.672 36.179 4.980 194250.464
0.793000 75.667 36.171 4.980 194314.301
0.794000 75.662 36.163 4.980 194152.399
0.795000 75.657 36.155 4.980 194210.780
0.796000 75.652 36.147 4.980 194184.131
0.797000 75.647 36.138 4.980 194168.578
0.798000 75.642 36.130 4.980 194145.901
0.799000 75.637 36.122 4.980 194155.204
0.800000 75.632 36.114 4.980 194201.614
0.801000 75.627 36.106 4.980 194234.183
0.802000 75.622 36.098 4.980 194151.899
0.803000 75.617 36.090 4.980 194178.538
0.804000 75.612 36.081 4.980 194247.428
0.805000 75.607 36.073 4.980 194135.060
0.806000 75.602 36.065 4.980 194048.934
0.807000 75.597 36.057 4.980 194068.237
0.808000 75.592 36.049 4.980 194117.123
0.809000 75.587 36.041 4.980 194161.943
0.810000 75.582 36.033 4.980 194378.694
0.811000 75.577 36.025 4.980 194336.777
0.812000 75.572 36.017 4.980 194397.222
0.813000 75.567 36.009 4.980 194431.427
0.814000 75.562 36.001 4.980 194409.580
0.815000 75.557 35.993 4.980 194316.903
0.816000 75.552 35.985 4.980 194377.056
0.817000 75.547 35.977 4.980 194418.641
0.818000 75.542 35.969 4.980 194443.496
0.819000 75.537 35.961 4.980 194570.507
0.820000 75.532 35.953 4.980 194604.448
0.821000 75.527 35.945 4.980 194609.957
0.822000 75.522 35.937 4.980 194517.363
0.823000 75.517 35.929 4.980 194572.031
0.824000 75.512 35.921 4.980 194545.387
0.825000 75.507 35.913 4.980 194486.265
0.826000 75.502 35.905 4.980 194348.323
0.827000 75.497 35.897 4.980 194460.052
0.828000 75.492 35.889 4.980 194516.710
0.829000 75.487 35.881 4.980 194416.816
0.830000 75.482 35.873 4.980 194379.829
0.831000 75.477 35.865 4.980 194407.889
0.832000 75.472 35.857 4.980 194380.889
0.833000 75.467 35.849 4.980 194248.128
0.834000 75.462 35.841 4.980 194264.374
0.835000 75.457 35.833 4.980 194278.708
0.836000 75.452 35.825 4.980 194265.573
0.837000 75.447 35.818 4.980 194307.332
0.838000 75.442 35.810 4.980 194239.364
0.839000 75.437 35.802 4.980 194289.230
0.840000 75.432 35.794 4.980 194257.344
0.841000 75.427 35.786 4.980 194286.021
0.842000 75.422 35.778 4.980 194235.787
0.843000 75.417 35.770 4.980 194251.592
0.844000 75.412 35.763 4.980 194245.087
0.845000 75.407 35.755 4.980 194358.137
0.846000 75.402 35.747 4.980 194309.443
0.847000 75.397 35.739 4.980 194304.375
0.848000 75.392 35.731 4.980 194326.365
0.849000 75.387 35.724 4.980 194293.990
0.850000 75.382 35.716 4.980 194440.716
0.851000 75.377 35.708 4.980 194464.468
0.852000 75.372 35.700 4.980 194482.085
0.853000 75.367 35.692 4.980 194505.370
0.854000 75.362 35.685 4.980 194584.395
0.855000 75.357 35.677 4.980 194624.298
0.856000 75.352 35.669 4.980 194583.889
0.857000 75.347 35.661 4.980 194465.264
0.858000 75.342 35.654 4.980 194373.731
0.859000 75.337 35.646 4.980 194336.229
0.860000 75.332 35.638 4.980 194377.525
0.861000 75.327 35.630 4.980 194278.393
0.862000 75.322 35.623 4.980 194407.634
0.863000 75.317 35.615 4.980 194286.392
0.864000 75.312 35.607 4.980 194218.558
0.865000 75.307 35.600 4.980 194109.126
0.866000 75.302 35.592 4.980 194041.109
0.867000 75.297 35.584 4.980 194100.250
0.868000 75.292 35.577 4.980 194043.841
0.869000 75.287 35.569 4.980 194008.242
0.870000 75.282 35.561 4.980 193866.827
0.871000 75.277 35.554 4.980 193853.411
0.872000 75.272 35.546 4.980 193842.678
0.873000 75.267 35.539 4.980 193943.064
0.874000 75.262 35.531 4.980 193976.284
0.875000 75.257 35.523 4.980 194006.418
0.876000 75.252 35.516 4.980 194071.246
0.877000 75.247 35.508 4.980 194101.938
0.878000 75.242 35.501 4.980 194193.394
0.879000 75.237 35.493 4.980 194192.854
0.880000 75.232 35.485 4.980 194040.880
0.881000 75.227 35.478 4.980 194206.634
0.882000 75.222 35.470 4.980 194207.723
0.883000 75.217 35.463 4.980 194215.834
0.884000 75.212 35.455 4.980 194216.839
0.885000 75.207 35.448 4.980 194155.810
0.886000 75.202 35.440 4.980 194160.694
0.887000 75.197 35.433 4.980 194097.115
0.888000 75.192 35.425 4.980 194074.844
0.889000 75.187 35.418 4.980 194061.234
0.890000 75.182 35.410 4.980 194099.958
0.891000 75.177 35.403 4.980 193899.324
0.892000 75.172 35.395 4.980 193834.112
0.893000 75.167 35.388 4.980 193773.805
0.894000 75.162 35.380 4.980 193636.283
0.895000 75.157 35.373 4.980 193560.896
0.896000 75.152 35.365 4.980 193766.132
0.897000 75.147 35.358 4.980 193720.341
0.898000 75.142 35.350 4.980 193740.622
0.899000 75.137 35.343 4.980 193795.108
0.900000 75.132 35.335 4.980 193742.439
0.901000 75.127 35.328 4.980 193789.134
0.902000 75.123 35.321 4.980 193834.160
0.903000 75.118 35.313 4.980 193876.983
0.904000 75.113 35.306 4.980 193775.097
0.905000 75.108 35.299 4.980 193761.369
0.906000 75.103 35.291 4.980 193919.342
0.907000 75.098 35.284 4.980 193958.055
0.908000 75.093 35.276 4.980 193865.967
0.909000 75.088 35.269 4.980 193870.794
0.910000 75.083 35.262 4.980 193897.934
0.911000 75.078 35.254 4.980 193828.154
0.912000 75.073 35.247 4.980 193807.616
0.913000 75.068 35.240 4.980 193701.284
0.914000 75.063 35.232 4.980 193719.526
0.915000 75.058 35.225 4.980 193723.774
0.916000 75.053 35.218 4.980 193657.322
0.917000 75.048 35.211 4.980 193626.340
0.918000 75.043 35.203 4.980 193533.044
0.919000 75.038 35.196 4.980 193650.617
0.920000 75.033 35.189 4.980 193629.749
0.921000 75.028 35.181 4.980 193473.465
0.922000 75.023 35.174 4.980 193337.979
0.923000 75.018 35.167 4.980 193333.071
0.924000 75.014 35.160 4.980 193328.630
0.925000 75.009 35.153 4.980 193539.365
0.926000 75.004 35.145 4.980 193493.718
0.927000 74.999 35.138 4.980 193456.847
0.928000 74.994 35.131 4.980 193378.162
0.929000 74.989 35.124 4.980 193468.738
0.930000 74.984 35.117 4.980 193459.868
0.931000 74.979 35.109 4.980 193519.731
0.932000 74.974 35.102 4.980 193540.506
0.933000 74.969 35.095 4.980 193605.062
0.934000 74.964 35.088 4.980 193524.797
0.935000 74.959 35.081 4.980 193645.582
0.936000 74.954 35.074 4.980 193463.009
0.937000 74.949 35.066 4.980 193437.715
0.938000 74.944 35.059 4.980 193464.470
0.939000 74.940 35.052 4.980 193425.566
0.940000 74.935 35.045 4.980 193395.110
0.941000 74.930 35.038 4.980 193426.519
0.942000 74.925 35.031 4.980 193424.326
0.943000 74.920 35.024 4.980 193402.718
0.944000 74.915 35.017 4.980 193302.825
0.945000 74.910 35.010 4.980 193212.446
0.946000 74.905 35.003 4.980 193088.368
0.947000 74.900 34.996 4.980 193025.665
0.948000 74.895 34.989 4.980 193334.115
0.949000 74.890 34.982 4.980 193255.948
0.950000 74.885 34.975 4.980 193103.152
0.951000 74.881 34.967 4.980 193096.123
0.952000 74.876 34.960 4.980 193027.779
0.953000 74.871 34.953 4.980 192948.680
0.954000 74.866 34.946 4.980 192942.733
0.955000 74.861 34.940 4.980 193097.081
0.956000 74.856 34.933 4.980 193072.720
0.957000 74.851 34.926 4.980 193044.251
0.958000 74.846 34.919 4.980 193069.914
0.959000 74.841 34.912 4.980 193088.734
0.960000 74.836 34.905 4.980 192982.231
0.961000 74.832 34.898 4.980 192900.445
0.962000 74.827 34.891 4.980 192963.409
0.963000 74.822 34.884 4.980 192977.649
0.964000 74.817 34.877 4.980 193119.771
0.965000 74.812 34.870 4.980 193007.694
0.966000 74.807 34.863 4.980 192923.723
0.967000 74.802 34.856 4.980 192878.904
0.968000 74.797 34.849 4.980 192785.060
0.969000 74.792 34.843 4.980 192819.559
0.970000 74.788 34.836 4.980 192740.857
0.971000 74.783 34.829 4.980 192919.585
0.972000 74.778 34.822 4.980 192888.656
0.973000 74.773 34.815 4.980 192712.270
0.974000 74.768 34.808 4.980 192658.355
0.975000 74.763 34.802 4.980 192647.332
0.976000 74.758 34.795 4.980 192623.928
0.977000 74.753 34.788 4.980 192670.795
0.978000 74.749 34.781 4.980 192715.237
0.979000 74.744 34.774 4.980 192743.683
0.980000 74.739 34.768 4.980 192663.728
0.981000 74.734 34.761 4.980 192602.381
0.982000 74.729 34.754 4.980 192609.924
0.983000 74.724 34.747 4.980 192556.505
0.984000 74.719 34.741 4.980 192529.527
0.985000 74.715 34.734 4.980 192702.371
0.986000 74.710 34.727 4.980 192457.921
0.987000 74.705 34.720 4.980 192355.536
0.988000 74.700 34.714 4.980 192319.591
0.989000 74.695 34.707 4.980 192329.342
0.990000 74.690 34.700 4.980 192352.113
0.991000 74.686 34.694 4.980 192390.992
0.992000 74.681 34.687 4.980 192377.942
0.993000 74.676 34.680 4.980 192471.832
0.994000 74.671 34.674 4.980 192638.697
0.995000 74.666 34.667 4.980 192389.801
0.996000 74.661 34.660 4.980 192229.813
0.997000 74.656 34.654 4.980 192226.744
0.998000 74.652 34.647 4.980 192141.916
0.999000 74.647 34.640 4.980 192114.150
1.000000 74.642 34.634 4.980 192054.705
1.001000 74.637 34.627 4.980 192193.498
1.002000 74.632 34.620 4.980 192286.545
1.003000 74.628 34.614 4.980 192315.836
1.004000 74.623 34.607 4.980 192064.991
1.005000 74.618 34.601 4.980 192057.109
1.006000 74.613 34.594 4.980 192105.568
1.007000 74.608 34.588 4.980 192043.259
1.008000 74.604 34.581 4.980 191932.604
1.009000 74.599 34.575 4.980 192004.315
1.010000 74.594 34.568 4.980 191955.408
1.011000 74.589 34.561 4.980 192073.668
1.012000 74.584 34.555 4.980 191995.477
1.013000 74.580 34.548 4.980 191825.932
1.014000 74.575 34.542 4.980 191704.113
1.015000 74.570 34.535 4.980 191738.340
1.016000 74.565 34.529 4.980 191827.605
1.017000 74.560 34.522 4.980 191735.504
1.018000 74.556 34.516 4.980 191766.348
1.019000 74.551 34.510 4.980 191661.776
1.020000 74.546 34.503 4.980 191609.863
1.021000 74.541 34.497 4.980 191644.212
1.022000 74.536 34.490 4.980 191624.800
1.023000 74.532 34.484 4.980 191600.984
1.024000 74.527 34.477 4.980 191556.974
1.025000 74.522 34.471 4.980 191603.602
1.026000 74.517 34.465 4.980 191553.304
1.027000 74.513 34.458 4.980 191618.514
1.028000 74.508 34.452 4.980 191480.643
1.029000 74.503 34.445 4.980 191389.959
1.030000 74.498 34.439 4.980 191279.108
1.031000 74.494 34.433 4.980 191415.335
1.032000 74.489 34.426 4.980 191574.369
1.033000 74.484 34.420 4.980 191521.598
1.034000 74.479 34.414 4.980 191582.139
1.035000 74.475 34.407 4.980 191586.444
1.036000 74.470 34.401 4.980 191579.028
1.037000 74.465 34.395 4.980 191514.086
1.038000 74.460 34.388 4.980 191428.767
1.039000 74.456 34.382 4.980 191432.925
1.040000 74.451 34.376 4.980 191438.268
1.041000 74.446 34.370 4.980 191389.893
1.042000 74.442 34.363 4.980 191234.395
1.043000 74.437 34.357 4.980 191243.194
1.044000 74.432 34.351 4.980 191132.407
1.045000 74.408 34.361 5.086 191178.524
1.046000 74.404 34.355 5.086 191138.605
1.047000 74.399 34.348 5.086 191171.449
1.048000 74.394 34.342 5.086 191145.307
1.049000 74.390 34.336 5.086 191320.011
1.050000 74.385 34.330 5.086 191247.544
1.051000 74.380 34.323 5.086 191123.627
1.052000 74.375 34.317 5.086 191017.988
1.053000 74.371 34.311 5.086 191028.845
1.054000 74.366 34.305 5.086 191061.312
1.055000 74.361 34.299 5.086 191077.971
1.056000 74.357 34.293 5.086 191011.600
1.057000 74.352 34.286 5.086 191016.868
1.058000 74.347 34.280 5.086 191088.091
1.059000 74.343 34.274 5.086 191059.549
1.060000 74.338 34.268 5.086 191064.648
1.061000 74.333 34.262 5.086 191126.399
1.062000 74.329 34.256 5.086 191072.950
1.063000 74.324 34.250 5.086 191171.480
1.064000 74.319 34.244 5.086 191231.762
1.065000 74.315 34.238 5.086 191310.861
1.066000 74.310 34.231 5.086 191323.618
1.067000 74.305 34.225 5.086 191293.466
1.068000 74.301 34.219 5.086 191371.904
1.069000 74.296 34.213 5.086 191304.034
1.070000 74.291 34.207 5.086 191226.961
1.071000 74.287 34.201 5.086 191208.650
1.072000 74.282 34.195 5.086 191222.344
1.073000 74.277 34.189 5.086 191307.766
1.074000 74.273 34.183 5.086 191275.008
1.075000 74.268 34.177 5.086 191216.905
1.076000 74.263 34.171 5.086 191268.487
1.077000 74.259 34.165 5.086 191220.394
1.078000 74.254 34.159 5.086 191176.684
1.079000 74.249 34.153 5.086 191142.649
1.080000 74.245 34.147 5.086 191146.649
1.081000 74.240 34.141 5.086 191141.248
1.082000 74.235 34.135 5.086 191193.242
1.083000 74.231 34.129 5.086 191056.451
1.084000 74.226 34.123 5.086 190992.522
1.085000 74.222 34.117 5.086 190923.514
1.086000 74.217 34.111 5.086 190824.665
1.087000 74.212 34.105 5.086 190886.704
1.088000 74.208 34.099 5.086 190850.649
1.089000 74.203 34.093 5.086 190808.383
1.090000 74.198 34.088 5.086 190863.006
1.091000 74.194 34.082 5.086 190868.061
1.092000 74.189 34.076 5.086 190690.065
1.093000 74.185 34.070 5.086 190817.018
1.094000 74.180 34.064 5.086 190886.844
1.095000 74.175 34.058 5.086 190877.917
1.096000 74.171 34.052 5.086 190911.348
1.097000 74.166 34.046 5.086 191032.079
1.098000 74.162 34.041 5.086 191003.901
1.099000 74.157 34.035 5.086 191054.488
1.100000 74.152 34.029 5.086 191109.629
1.101000 74.148 34.023 5.086 191153.413
1.102000 74.143 34.017 5.086 191088.159
1.103000 74.139 34.011 5.086 191128.808
1.104000 74.134 34.006 5.086 191004.869
1.105000 74.129 34.000 5.086 191017.693
1.106000 74.125 33.994 5.086 190968.837
1.107000 74.120 33.988 5.086 190888.339
1.108000 74.116 33.982 5.086 190887.430
1.109000 74.111 33.977 5.086 190884.439
1.110000 74.107 33.971 5.086 190923.635
1.111000 74.102 33.965 5.086 190948.964
1.112000 74.097 33.959 5.086 190983.162
1.113000 74.093 33.954 5.086 190846.924
1.114000 74.088 33.948 5.086 190764.321
1.115000 74.084 33.942 5.086 190695.253
1.116000 74.079 33.936 5.086 190917.709
1.117000 74.075 33.931 5.086 190928.513
1.118000 74.070 33.925 5.086 190790.427
1.119000 74.065 33.919 5.086 190758.054
1.120000 74.061 33.913 5.086 190831.683
1.121000 74.056 33.908 5.086 190854.405
1.122000 74.052 33.902 5.086 191075.905
1.123000 74.047 33.896 5.086 191010.332
1.124000 74.043 33.891 5.086 190889.242
1.125000 74.038 33.885 5.086 190756.141
1.126000 74.034 33.879 5.086 190882.941
1.127000 74.029 33.874 5.086 191049.748
1.128000 74.025 33.868 5.086 191053.575
1.129000 74.020 33.862 5.086 191173.050
1.130000 74.016 33.857 5.086 191029.982
1.131000 74.011 33.851 5.086 190964.311
1.132000 74.006 33.846 5.086 190978.696
1.133000 74.002 33.840 5.086 190971.247
1.134000 73.997 33.834 5.086 190992.229
1.135000 73.993 33.829 5.086 191024.614
1.136000 73.988 33.823 5.086 190960.860
1.137000 73.984 33.818 5.086 190909.635
1.138000 73.979 33.812 5.086 190987.612
1.139000 73.975 33.806 5.086 191015.266
1.140000 73.970 33.801 5.086 190978.279
1.141000 73.966 33.795 5.086 190966.984
1.142000 73.961 33.790 5.086 190956.752
1.143000 73.957 33.784 5.086 190995.191
1.144000 73.952 33.779 5.086 190972.525
1.145000 73.948 33.773 5.086 191059.889
1.146000 73.943 33.768 5.086 190982.295
1.147000 73.939 33.762 5.086 191029.712
1.148000 73.934 33.756 5.086 191089.369
1.149000 73.930 33.751 5.086 191114.322
1.150000 73.925 33.745 5.086 191105.493
1.151000 73.921 33.740 5.086 191091.019
1.152000 73.916 33.734 5.086 191042.206
1.153000 73.912 33.729 5.086 190999.927
1.154000 73.907 33.724 5.086 190974.873
1.155000 73.903 33.718 5.086 190923.339
1.156000 73.898 33.713 5.086 190918.579
1.157000 73.894 33.707 5.086 190918.282
1.158000 73.889 33.702 5.086 190972.180
1.159000 73.885 33.696 5.086 191048.833
1.160000 73.881 33.691 5.086 190934.000
1.161000 73.876 33.685 5.086 190920.450
1.162000 73.872 33.680 5.086 191091.208
1.163000 73.867 33.674 5.086 191045.058
1.164000 73.863 33.669 5.086 190925.524
1.165000 73.858 33.664 5.086 190942.652
1.166000 73.854 33.658 5.086 191039.322
1.167000 73.849 33.653 5.086 190890.044
1.168000 73.845 33.647 5.086 190813.431
1.169000 73.840 33.642 5.086 190730.364
1.170000 73.836 33.637 5.086 190916.569
1.171000 73.832 33.631 5.086 190912.414
1.172000 73.827 33.626 5.086 190818.036
1.173000 73.823 33.621 5.086 190947.153
1.174000 73.818 33.615 5.086 191060.955
1.175000 73.814 33.610 5.086 190948.604
1.176000 73.809 33.605 5.086 191027.072
1.177000 73.805 33.599 5.086 191069.352
1.178000 73.800 33.594 5.086 191031.675
1.179000 73.796 33.589 5.086 191040.728
1.180000 73.792 33.583 5.086 191053.299
1.181000 73.787 33.578 5.086 191181.367
1.182000 73.783 33.573 5.086 191137.105
1.183000 73.778 33.567 5.086 191086.597
1.184000 73.774 33.562 5.086 191072.281
1.185000 73.770 33.557 5.086 191065.805
1.186000 73.765 33.551 5.086 191137.769
1.187000 73.761 33.546 5.086 191153.481
1.188000 73.756 33.541 5.086 191027.622
1.189000 73.752 33.536 5.086 191044.358
1.190000 73.747 33.530 5.086 191085.074
1.191000 73.743 33.525 5.086 191042.205
1.192000 73.739 33.520 5.086 191052.089
1.193000 73.734 33.515 5.086 190956.042
1.194000 73.730 33.509 5.086 190975.998
1.195000 73.726 33.504 5.086 191049.958
1.196000 73.721 33.499 5.086 191129.841
1.197000 73.717 33.494 5.086 191268.300
1.198000 73.712 33.488 5.086 191253.931
1.199000 73.708 33.483 5.086 191163.076
1.200000 73.704 33.478 5.086 191168.191
1.201000 73.699 33.473 5.086 191105.350
1.202000 73.695 33.468 5.086 191131.899
1.203000 73.690 33.462 5.086 191234.517
1.204000 73.686 33.457 5.086 191346.739
1.205000 73.682 33.452 5.086 191286.243
1.206000 73.677 33.447 5.086 191314.625
1.207000 73.673 33.442 5.086 191396.875
1.208000 73.669 33.437 5.086 191376.024
1.209000 73.664 33.432 5.086 191335.283
1.210000 73.660 33.426 5.086 191288.229
1.211000 73.655 33.421 5.086 191293.596
1.212000 73.651 33.416 5.086 191313.014
1.213000 73.647 33.411 5.086 191417.717
1.214000 73.642 33.406 5.086 191441.554
1.215000 73.638 33.401 5.086 191468.726
1.216000 73.634 33.396 5.086 191502.122
1.217000 73.629 33.391 5.086 191467.139
1.218000 73.625 33.385 5.086 191430.198
1.219000 73.621 33.380 5.086 191422.698
1.220000 73.616 33.375 5.086 191444.151
1.221000 73.612 33.370 5.086 191365.951
1.222000 73.608 33.365 5.086 191333.724
1.223000 73.603 33.360 5.086 191366.067
1.224000 73.599 33.355 5.086 191332.279
1.225000 73.595 33.350 5.086 191282.042
1.226000 73.590 33.345 5.086 191368.413
1.227000 73.586 33.340 5.086 191436.312
1.228000 73.582 33.335 5.086 191581.927
1.229000 73.577 33.330 5.086 191559.987
1.230000 73.573 33.325 5.086 191507.241
1.231000 73.569 33.320 5.086 191449.879
1.232000 73.564 33.315 5.086 191607.998
1.233000 73.560 33.310 5.086 191530.906
1.234000 73.556 33.305 5.086 191541.838
1.235000 73.551 33.300 5.086 191537.489
1.236000 73.547 33.295 5.086 191714.205
1.237000 73.543 33.290 5.086 191739.897
1.238000 73.539 33.285 5.086 191704.399
1.239000 73.534 33.280 5.086 191502.756
1.240000 73.530 33.275 5.086 191482.341
1.241000 73.526 33.270 5.086 191487.327
1.242000 73.521 33.265 5.086 191665.379
1.243000 73.517 33.260 5.086 191754.410
1.244000 73.513 33.255 5.086 191895.617
1.245000 73.508 33.250 5.086 191779.249
1.246000 73.504 33.245 5.086 191719.379
1.247000 73.500 33.240 5.086 191747.549
1.248000 73.496 33.235 5.086 191655.024
1.249000 73.491 33.230 5.086 191786.513
1.250000 73.487 33.225 5.086 191937.461
1.251000 73.483 33.220 5.086 191916.597
1.252000 73.478 33.216 5.086 192024.474
1.253000 73.474 33.211 5.086 192030.008
1.254000 73.470 33.206 5.086 192001.173
1.255000 73.466 33.201 5.086 191948.049
1.256000 73.461 33.196 5.086 191924.269
1.257000 73.457 33.191 5.086 191940.960
1.258000 73.453 33.186 5.086 192015.833
1.259000 73.449 33.181 5.086 192035.426
1.260000 73.444 33.176 5.086 192071.789
1.261000 73.440 33.172 5.086 192096.759
1.262000 73.436 33.167 5.086 192203.823
1.263000 73.432 33.162 5.086 192207.843
1.264000 73.427 33.157 5.086 192228.195
1.265000 73.423 33.152 5.086 192246.873
1.266000 73.419 33.147 5.086 192388.110
1.267000 73.415 33.143 5.086 192356.651
1.268000 73.410 33.138 5.086 192301.386
1.269000 73.406 33.133 5.086 192362.408
1.270000 73.402 33.128 5.086 192450.763
1.271000 73.398 33.123 5.086 192429.289
1.272000 73.393 33.118 5.086 192318.109
1.273000 73.389 33.114 5.086 192261.145
1.274000 73.385 33.109 5.086 192253.335
1.275000 73.381 33.104 5.086 192205.338
1.276000 73.376 33.099 5.086 192201.527
1.277000 73.372 33.095 5.086 192274.215
1.278000 73.368 33.090 5.086 192296.432
1.279000 73.364 33.085 5.086 192213.511
1.280000 73.360 33.080 5.086 192296.927
1.281000 73.355 33.076 5.086 192187.211
1.282000 73.351 33.071 5.086 192228.222
1.283000 73.347 33.066 5.086 192249.040
1.284000 73.343 33.061 5.086 192356.657
1.285000 73.339 33.057 5.086 192344.011
1.286000 73.334 33.052 5.086 192478.054
1.287000 73.330 33.047 5.086 192604.342
1.288000 73.326 33.042 5.086 192925.715
1.289000 73.322 33.038 5.086 192997.001
1.290000 73.318 33.033 5.086 192918.232
1.291000 73.313 33.028 5.086 192850.500
1.292000 73.309 33.024 5.086 192770.149
1.293000 73.305 33.019 5.086 192725.228
1.294000 73.301 33.014 5.086 192723.713
1.295000 73.297 33.009 5.086 192797.591
1.296000 73.292 33.005 5.086 192878.909
1.297000 73.288 33.000 5.086 192694.287
1.298000 73.284 32.995 5.086 192749.956
1.299000 73.280 32.991 5.086 192742.225
1.300000 73.276 32.986 5.086 192689.475
1.301000 73.271 32.981 5.086 192696.842
1.302000 73.267 32.977 5.086 192637.792
1.303000 73.263 32.972 5.086 192729.875
1.304000 73.259 32.968 5.086 192792.137
1.305000 73.255 32.963 5.086 192757.854
1.306000 73.251 32.958 5.086 192923.308
1.307000 73.246 32.954 5.086 193003.471
1.308000 73.242 32.949 5.086 193047.745
1.309000 73.238 32.944 5.086 192980.222
1.310000 73.234 32.940 5.086 193054.629
1.311000 73.230 32.935 5.086 192949.076
1.312000 73.226 32.931 5.086 192904.389
1.313000 73.222 32.926 5.086 192833.526
1.314000 73.217 32.921 5.086 192798.102
1.315000 73.213 32.917 5.086 192843.737
1.316000 73.209 32.912 5.086 192999.184
1.317000 73.205 32.908 5.086 193028.746
1.318000 73.201 32.903 5.086 193011.263
1.319000 73.197 32.899 5.086 193007.814
1.320000 73.193 32.894 5.086 193001.577
1.321000 73.188 32.889 5.086 193011.401
1.322000 73.184 32.885 5.086 192959.411
1.323000 73.180 32.880 5.086 192956.174
1.324000 73.176 32.876 5.086 192940.646
1.325000 73.172 32.871 5.086 193116.587
1.326000 73.168 32.867 5.086 193133.832
1.327000 73.164 32.862 5.086 193092.693
1.328000 73.160 32.858 5.086 193290.046
1.329000 73.155 32.853 5.086 193333.350
1.330000 73.151 32.849 5.086 193406.229
1.331000 73.147 32.844 5.086 193440.106
1.332000 73.143 32.840 5.086 193471.175
1.333000 73.139 32.835 5.086 193512.680
1.334000 73.135 32.831 5.086 193443.595
1.335000 73.131 32.826 5.086 193361.789
1.336000 73.127 32.822 5.086 193402.825
1.337000 73.123 32.817 5.086 193411.452
1.338000 73.118 32.813 5.086 193450.800
1.339000 73.114 32.808 5.086 193502.165
1.340000 73.110 32.804 5.086 193504.258
1.341000 73.106 32.799 5.086 193581.776
1.342000 73.102 32.795 5.086 193571.077
1.343000 73.098 32.790 5.086 193655.936
1.344000 73.094 32.786 5.086 193563.747
1.345000 73.090 32.782 5.086 193562.034
1.346000 73.086 32.777 5.086 193615.907
1.347000 73.082 32.773 5.086 193691.835
1.348000 73.078 32.768 5.086 193586.491
1.349000 73.073 32.764 5.086 193747.438
1.350000 73.069 32.759 5.086 193678.460
1.351000 73.065 32.755 5.086 193708.168
1.352000 73.061 32.751 5.086 193646.747
1.353000 73.057 32.746 5.086 193547.850
1.354000 73.053 32.742 5.086 193545.973
1.355000 73.049 32.737 5.086 193650.671
1.356000 73.045 32.733 5.086 193668.544
1.357000 73.041 32.729 5.086 193766.974
1.358000 73.037 32.724 5.086 193719.090
1.359000 73.033 32.720 5.086 193713.790
1.360000 73.029 32.716 5.086 193665.302
1.361000 73.025 32.711 5.086 193630.246
1.362000 73.021 32.707 5.086 193629.240
1.363000 73.017 32.702 5.086 193653.360
1.364000 73.013 32.698 5.086 193864.884
1.365000 73.008 32.694 5.086 193832.848
1.366000 73.004 32.689 5.086 193708.835
1.367000 73.000 32.685 5.086 193682.951
1.368000 72.996 32.681 5.086 193769.539
1.369000 72.992 32.676 5.086 193976.822
1.370000 72.988 32.672 5.086 194061.556
1.371000 72.984 32.668 5.086 194192.143
1.372000 72.980 32.663 5.086 194233.528
1.373000 72.976 32.659 5.086 194219.423
1.374000 72.972 32.655 5.086 194234.736
1.375000 72.968 32.651 5.086 194198.453
1.376000 72.964 32.646 5.086 194219.718
1.377000 72.960 32.642 5.086 194207.621
1.378000 72.956 32.638 5.086 194131.540
1.379000 72.952 32.633 5.086 194206.729
1.380000 72.948 32.629 5.086 194380.858
1.381000 72.944 32.625 5.086 194334.738
1.382000 72.940 32.621 5.086 194357.058
1.383000 72.936 32.616 5.086 194291.137
1.384000 72.932 32.612 5.086 194274.738
1.385000 72.928 32.608 5.086 194284.327
1.386000 72.924 32.603 5.086 194277.683
1.387000 72.920 32.599 5.086 194353.575
1.388000 72.916 32.595 5.086 194469.045
1.389000 72.912 32.591 5.086 194472.971
1.390000 72.908 32.587 5.086 194373.928
1.391000 72.904 32.582 5.086 194540.068
1.392000 72.900 32.578 5.086 194562.769
1.393000 72.896 32.574 5.086 194458.568
1.394000 72.892 32.570 5.086 194373.542
1.395000 72.888 32.565 5.086 194455.145
1.396000 72.884 32.561 5.086 194444.845
1.397000 72.880 32.557 5.086 194393.650
1.398000 72.876 32.553 5.086 194367.235
1.399000 72.872 32.549 5.086 194309.967
1.400000 72.868 32.544 5.086 194405.219
1.401000 72.864 32.540 5.086 194294.346
1.402000 72.860 32.536 5.086 194402.003
1.403000 72.856 32.532 5.086 194447.791
1.404000 72.852 32.528 5.086 194321.513
1.405000 72.848 32.523 5.086 194290.247
1.406000 72.844 32.519 5.086 194312.738
1.407000 72.840 32.515 5.086 194362.680
1.408000 72.836 32.511 5.086 194330.271
1.409000 72.832 32.507 5.086 194376.649
1.410000 72.829 32.503 5.086 194484.497
1.411000 72.825 32.499 5.086 194498.653
1.412000 72.821 32.494 5.086 194652.152
1.413000 72.817 32.490 5.086 194628.558
1.414000 72.813 32.486 5.086 194619.281
1.415000 72.809 32.482 5.086 194850.728
1.416000 72.805 32.478 5.086 194818.931
1.417000 72.801 32.474 5.086 194927.056
1.418000 72.797 32.470 5.086 194828.131
1.419000 72.793 32.465 5.086 194771.469
1.420000 72.789 32.461 5.086 194693.720
1.421000 72.785 32.457 5.086 194739.083
1.422000 72.781 32.453 5.086 194832.762
1.423000 72.777 32.449 5.086 194785.525
1.424000 72.773 32.445 5.086 194888.679
1.425000 72.769 32.441 5.086 194778.025
1.426000 72.766 32.437 5.086 194823.598
1.427000 72.762 32.433 5.086 194895.697
1.428000 72.758 32.429 5.086 194985.130
1.429000 72.754 32.425 5.086 194936.747
1.430000 72.750 32.421 5.086 195009.342
1.431000 72.746 32.416 5.086 195099.487
1.432000 72.742 32.412 5.086 195179.710
1.433000 72.738 32.408 5.086 195330.924
1.434000 72.734 32.404 5.086 195430.023
1.435000 72.730 32.400 5.086 195349.594
1.436000 72.726 32.396 5.086 195270.961
1.437000 72.722 32.392 5.086 195137.106
1.438000 72.719 32.388 5.086 195192.751
1.439000 72.715 32.384 5.086 195120.868
1.440000 72.711 32.380 5.086 195133.526
1.441000 72.707 32.376 5.086 195154.688
1.442000 72.703 32.372 5.086 195199.146
1.443000 72.699 32.368 5.086 195244.887
1.444000 72.695 32.364 5.086 195309.087
1.445000 72.691 32.360 5.086 195288.143
1.446000 72.687 32.356 5.086 195272.783
1.447000 72.684 32.352 5.086 195267.449
1.448000 72.680 32.348 5.086 195367.016
1.449000 72.676 32.344 5.086 195361.415
1.450000 72.672 32.340 5.086 195285.697
1.451000 72.668 32.336 5.086 195257.726
1.452000 72.664 32.332 5.086 195266.981
1.453000 72.660 32.328 5.086 195374.927
1.454000 72.656 32.324 5.086 195393.656
1.455000 72.653 32.320 5.086 195451.390
1.456000 72.649 32.316 5.086 195378.539
1.457000 72.645 32.312 5.086 195534.480
1.458000 72.641 32.308 5.086 195529.180
1.459000 72.637 32.304 5.086 195534.620
1.460000 72.633 32.300 5.086 195507.091
1.461000 72.629 32.296 5.086 195518.907
1.462000 72.626 32.292 5.086 195300.500
1.463000 72.622 32.289 5.086 195231.767
1.464000 72.618 32.285 5.086 195275.108
1.465000 72.614 32.281 5.086 195294.454
1.466000 72.610 32.277 5.086 195352.370
1.467000 72.606 32.273 5.086 195457.719
1.468000 72.603 32.269 5.086 195510.246
1.469000 72.599 32.265 5.086 195738.355
1.470000 72.595 32.261 5.086 195713.442
1.471000 72.591 32.257 5.086 195703.983
1.472000 72.587 32.253 5.086 195657.541
1.473000 72.583 32.249 5.086 195649.977
1.474000 72.580 32.245 5.086 195538.790
1.475000 72.576 32.242 5.086 195547.563
1.476000 72.572 32.238 5.086 195621.133
1.477000 72.568 32.234 5.086 195743.980
1.478000 72.564 32.230 5.086 195912.897
1.479000 72.560 32.226 5.086 195858.686
1.480000 72.557 32.222 5.086 195847.063
1.481000 72.553 32.218 5.086 195808.995
1.482000 72.549 32.214 5.086 195719.682
1.483000 72.545 32.211 5.086 195810.595
1.484000 72.541 32.207 5.086 195835.474
1.485000 72.538 32.203 5.086 195909.444
1.486000 72.534 32.199 5.086 196036.860
1.487000 72.530 32.195 5.086 196013.975
1.488000 72.526 32.191 5.086 196259.477
1.489000 72.522 32.188 5.086 196352.799
1.490000 72.519 32.184 5.086 196372.431
1.491000 72.515 32.180 5.086 196327.017
1.492000 72.511 32.176 5.086 196209.083
1.493000 72.507 32.172 5.086 196177.800
1.494000 72.503 32.168 5.086 196183.382
1.495000 72.500 32.165 5.086 196127.083
1.496000 72.496 32.161 5.086 196196.947
1.497000 72.492 32.157 5.086 196175.772
1.498000 72.488 32.153 5.086 196175.157
1.499000 72.484 32.149 5.086 196084.950
1.500000 72.481 32.146 5.086 195916.666
1.501000 72.477 32.142 5.086 195835.230
1.502000 72.473 32.138 5.086 195829.233
1.503000 72.469 32.134 5.086 195919.007
1.504000 72.466 32.130 5.086 195958.652
1.505000 72.462 32.127 5.086 196139.176
1.506000 72.458 32.123 5.086 196171.846
1.507000 72.454 32.119 5.086 196082.019
1.508000 72.451 32.115 5.086 196126.478
1.509000 72.447 32.112 5.086 196162.207
1.510000 72.443 32.108 5.086 196263.954
1.511000 72.439 32.104 5.086 196259.183
1.512000 72.435 32.100 5.086 196260.353
1.513000 72.432 32.097 5.086 196368.676
1.514000 72.428 32.093 5.086 196388.394
1.515000 72.424 32.089 5.086 196420.356
1.516000 72.420 32.085 5.086 196311.082
1.517000 72.417 32.082 5.086 196319.568
1.518000 72.413 32.078 5.086 196292.022
1.519000 72.409 32.074 5.086 196294.662
1.520000 72.406 32.070 5.086 196288.931
1.521000 72.402 32.067 5.086 196263.277
1.522000 72.398 32.063 5.086 196276.682
1.523000 72.394 32.059 5.086 196440.559
1.524000 72.391 32.056 5.086 196537.413
1.525000 72.387 32.052 5.086 196531.718
1.526000 72.383 32.048 5.086 196574.797
1.527000 72.379 32.044 5.086 196557.171
1.528000 72.376 32.041 5.086 196569.931
1.529000 72.372 32.037 5.086 196695.256
1.530000 72.368 32.033 5.086 196658.008
1.531000 72.365 32.030 5.086 196732.624
1.532000 72.361 32.026 5.086 196714.949
1.533000 72.357 32.022 5.086 196812.871
1.534000 72.353 32.019 5.086 196877.925
1.535000 72.350 32.015 5.086 196839.736
1.536000 72.346 32.011 5.086 196769.818
1.537000 72.342 32.008 5.086 196819.416
1.538000 72.339 32.004 5.086 196980.979
1.539000 72.335 32.000 5.086 196884.742
1.540000 72.331 31.997 5.086 196783.257
1.541000 72.327 31.993 5.086 196799.053
1.542000 72.324 31.989 5.086 196772.517
1.543000 72.320 31.986 5.086 196807.603
1.544000 72.316 31.982 5.086 196874.066
1.545000 72.313 31.979 5.086 196857.614
1.546000 72.309 31.975 5.086 196835.170
1.547000 72.305 31.971 5.086 196924.790
1.548000 72.302 31.968 5.086 196961.292
1.549000 72.298 31.964 5.086 197058.112
1.550000 72.294 31.960 5.086 197083.349
1.551000 72.291 31.957 5.086 197254.533
1.552000 72.287 31.953 5.086 197171.709
1.553000 72.283 31.950 5.086 197043.494
1.554000 72.280 31.946 5.086 197008.835
1.555000 72.276 31.942 5.086 196981.915
1.556000 72.272 31.939 5.086 196988.806
1.557000 72.269 31.935 5.086 196975.046
1.558000 72.265 31.932 5.086 196865.464
1.559000 72.261 31.928 5.086 196768.276
1.560000 72.258 31.924 5.086 196800.470
1.561000 72.254 31.921 5.086 196858.778
1.562000 72.250 31.917 5.086 196859.605
1.563000 72.247 31.914 5.086 196836.218
1.564000 72.243 31.910 5.086 196834.828
1.565000 72.239 31.907 5.086 197039.824
1.566000 72.236 31.903 5.086 197130.546
1.567000 72.232 31.899 5.086 197261.733
1.568000 72.228 31.896 5.086 197300.821
1.569000 72.225 31.892 5.086 197304.486
1.570000 72.221 31.889 5.086 197339.380
1.571000 72.217 31.885 5.086 197254.207
1.572000 72.214 31.882 5.086 197170.672
1.573000 72.210 31.878 5.086 197214.466
1.574000 72.206 31.875 5.086 197252.483
1.575000 72.203 31.871 5.086 197295.707
1.576000 72.199 31.868 5.086 197382.570
1.577000 72.196 31.864 5.086 197399.402
1.578000 72.192 31.861 5.086 197449.341
1.579000 72.188 31.857 5.086 197348.785
1.580000 72.185 31.853 5.086 197245.588
1.581000 72.181 31.850 5.086 197270.101
1.582000 72.177 31.846 5.086 197292.024
1.583000 72.174 31.843 5.086 197329.465
1.584000 72.170 31.839 5.086 197414.773
1.585000 72.167 31.836 5.086 197511.801
1.586000 72.163 31.832 5.086 197592.473
1.587000 72.159 31.829 5.086 197602.949
1.588000 72.156 31.825 5.086 197566.460
1.589000 72.152 31.822 5.086 197557.809
1.590000 72.149 31.819 5.086 197610.700
1.591000 72.145 31.815 5.086 197597.564
1.592000 72.141 31.812 5.086 197511.398
1.593000 72.138 31.808 5.086 197471.209
1.594000 72.134 31.805 5.086 197610.232
1.595000 72.131 31.801 5.086 197626.316
1.596000 72.127 31.798 5.086 197681.037
1.597000 72.123 31.794 5.086 197564.066
1.598000 72.120 31.791 5.086 197593.200
1.599000 72.116 31.787 5.086 197669.644
1.600000 72.113 31.784 5.086 197573.665
1.601000 72.109 31.780 5.086 197440.622
1.602000 72.105 31.777 5.086 197435.839
1.603000 72.102 31.774 5.086 197483.327
1.604000 72.098 31.770 5.086 197625.838
1.605000 72.095 31.767 5.086 197641.744
1.606000 72.091 31.763 5.086 197658.107
1.607000 72.088 31.760 5.086 197663.275
1.608000 72.084 31.756 5.086 197667.577
1.609000 72.080 31.753 5.086 197655.900
1.610000 72.077 31.750 5.086 197709.229
1.611000 72.073 31.746 5.086 197758.431
1.612000 72.070 31.743 5.086 197771.084
1.613000 72.066 31.739 5.086 197791.761
1.614000 72.063 31.736 5.086 197619.064
1.615000 72.059 31.732 5.086 197786.542
1.616000 72.055 31.729 5.086 197991.371
1.617000 72.052 31.726 5.086 197910.990
1.618000 72.048 31.722 5.086 197922.987
1.619000 72.045 31.719 5.086 197970.227
1.620000 72.041 31.716 5.086 197914.353
1.621000 72.038 31.712 5.086 197803.650
1.622000 72.034 31.709 5.086 197754.905
1.623000 72.031 31.705 5.086 197629.038
1.624000 72.027 31.702 5.086 197766.159
1.625000 72.024 31.699 5.086 197868.636
1.626000 72.020 31.695 5.086 197772.186
1.627000 72.016 31.692 5.086 197798.395
1.628000 72.013 31.689 5.086 197817.722
1.629000 72.009 31.685 5.086 197776.166
1.630000 72.006 31.682 5.086 197850.913
1.631000 72.002 31.678 5.086 197933.984
1.632000 71.999 31.675 5.086 197903.103
1.633000 71.995 31.672 5.086 197895.319
1.634000 71.992 31.668 5.086 197887.788
1.635000 71.988 31.665 5.086 197917.820
1.636000 71.985 31.662 5.086 197928.616
1.637000 71.981 31.658 5.086 197993.074
1.638000 71.978 31.655 5.086 197943.667
1.639000 71.974 31.652 5.086 197969.877
1.640000 71.971 31.648 5.086 197945.861
1.641000 71.967 31.645 5.086 197842.585
1.642000 71.964 31.642 5.086 197870.295
1.643000 71.960 31.638 5.086 197912.653
1.644000 71.957 31.635 5.086 198042.597
1.645000 71.953 31.632 5.086 198047.835
1.646000 71.950 31.629 5.086 198078.866
1.647000 71.946 31.625 5.086 198047.333
1.648000 71.943 31.622 5.086 198182.113
1.649000 71.939 31.619 5.086 198153.462
1.650000 71.936 31.615 5.086 198134.740
1.651000 71.932 31.612 5.086 198208.272
1.652000 71.929 31.609 5.086 198197.675
1.653000 71.925 31.605 5.086 198273.355
1.654000 71.922 31.602 5.086 198276.298
1.655000 71.918 31.599 5.086 198297.694
1.656000 71.915 31.596 5.086 198328.163
1.657000 71.911 31.592 5.086 198418.484
1.658000 71.908 31.589 5.086 198515.223
1.659000 71.904 31.586 5.086 198393.384
1.660000 71.901 31.583 5.086 198379.589
1.661000 71.897 31.579 5.086 198276.810
1.662000 71.894 31.576 5.086 198324.147
1.663000 71.890 31.573 5.086 198363.854
1.664000 71.887 31.570 5.086 198524.099
1.665000 71.884 31.566 5.086 198577.484
1.666000 71.880 31.563 5.086 198568.380
1.667000 71.877 31.560 5.086 198467.046
1.668000 71.873 31.557 5.086 198425.417
1.669000 71.870 31.553 5.086 198506.142
1.670000 71.866 31.550 5.086 198498.544
1.671000 71.863 31.547 5.086 198511.305
1.672000 71.859 31.544 5.086 198396.358
1.673000 71.856 31.540 5.086 198316.689
1.674000 71.852 31.537 5.086 198457.871
1.675000 71.849 31.534 5.086 198540.184
1.676000 71.846 31.531 5.086 198636.376
1.677000 71.842 31.527 5.086 198625.861
1.678000 71.839 31.524 5.086 198690.273
1.679000 71.835 31.521 5.086 198770.972
1.680000 71.832 31.518 5.086 198748.048
1.681000 71.828 31.515 5.086 198810.426
1.682000 71.825 31.511 5.086 198743.387
1.683000 71.821 31.508 5.086 198752.400
1.684000 71.818 31.505 5.086 198803.089
1.685000 71.815 31.502 5.086 198767.980
1.686000 71.811 31.499 5.086 198771.941
1.687000 71.808 31.496 5.086 198759.793
1.688000 71.804 31.492 5.086 198596.363
1.689000 71.801 31.489 5.086 198547.981
1.690000 71.797 31.486 5.086 198597.120
1.691000 71.794 31.483 5.086 198575.664
1.692000 71.791 31.480 5.086 198530.744
1.693000 71.787 31.476 5.086 198552.413
1.694000 71.784 31.473 5.086 198553.492
1.695000 71.780 31.470 5.086 198750.855
1.696000 71.777 31.467 5.086 198751.125
1.697000 71.774 31.464 5.086 198850.637
1.698000 71.770 31.461 5.086 198987.153
1.699000 71.767 31.457 5.086 199036.259
1.700000 71.763 31.454 5.086 198979.308
1.701000 71.760 31.451 5.086 199061.812
1.702000 71.757 31.448 5.086 199099.381
1.703000 71.753 31.445 5.086 199031.624
1.704000 71.750 31.442 5.086 199057.963
1.705000 71.746 31.439 5.086 199074.300
1.706000 71.743 31.436 5.086 198981.031
1.707000 71.740 31.432 5.086 198929.850
1.708000 71.736 31.429 5.086 199178.557
1.709000 71.733 31.426 5.086 199108.849
1.710000 71.729 31.423 5.086 199039.416
1.711000 71.726 31.420 5.086 198999.893
1.712000 71.723 31.417 5.086 198977.553
1.713000 71.719 31.414 5.086 198922.886
1.714000 71.716 31.411 5.086 198892.805
1.715000 71.713 31.407 5.086 198941.023
1.716000 71.709 31.404 5.086 198990.871
1.717000 71.706 31.401 5.086 199128.472
1.718000 71.702 31.398 5.086 199246.938
1.719000 71.699 31.395 5.086 199241.292
1.720000 71.696 31.392 5.086 199212.230
1.721000 71.692 31.389 5.086 199185.077
1.722000 71.689 31.386 5.086 199180.730
1.723000 71.686 31.383 5.086 199278.260
1.724000 71.682 31.380 5.086 199290.704
1.725000 71.679 31.377 5.086 199173.738
1.726000 71.676 31.373 5.086 199302.480
1.727000 71.672 31.370 5.086 199343.953
1.728000 71.669 31.367 5.086 199350.924
1.729000 71.665 31.364 5.086 199243.299
1.730000 71.662 31.361 5.086 199365.156
1.731000 71.659 31.358 5.086 199304.384
1.732000 71.655 31.355 5.086 199432.718
1.733000 71.652 31.352 5.086 199457.534
1.734000 71.649 31.349 5.086 199388.917
1.735000 71.645 31.346 5.086 199253.913
1.736000 71.642 31.343 5.086 199234.469
1.737000 71.639 31.340 5.086 199263.300
1.738000 71.635 31.337 5.086 199337.125
1.739000 71.632 31.334 5.086 199274.210
1.740000 71.629 31.331 5.086 199286.250
1.741000 71.625 31.328 5.086 199289.287
1.742000 71.622 31.325 5.086 199400.458
1.743000 71.619 31.322 5.086 199372.171
1.744000 71.615 31.319 5.086 199396.544
1.745000 71.612 31.315 5.086 199466.709
1.746000 71.609 31.312 5.086 199502.946
1.747000 71.605 31.309 5.086 199583.227
1.748000 71.602 31.306 5.086 199640.084
1.749000 71.599 31.303 5.086 199670.197
1.750000 71.596 31.300 5.086 199755.191
1.751000 71.592 31.297 5.086 199684.842
1.752000 71.589 31.294 5.086 199625.661
1.753000 71.586 31.291 5.086 199670.827
1.754000 71.582 31.288 5.086 199693.464
1.755000 71.579 31.285 5.086 199719.791
1.756000 71.576 31.282 5.086 199732.887
1.757000 71.572 31.279 5.086 199702.120
1.758000 71.569 31.276 5.086 199743.539
1.759000 71.566 31.273 5.086 199732.570
1.760000 71.563 31.270 5.086 199857.108
1.761000 71.559 31.267 5.086 199757.199
1.762000 71.556 31.264 5.086 199737.140
1.763000 71.553 31.261 5.086 199683.585
1.764000 71.549 31.258 5.086 199730.830
1.765000 71.546 31.255 5.086 199741.400
1.766000 71.543 31.253 5.086 199731.914
1.767000 71.539 31.250 5.086 199801.641
1.768000 71.536 31.247 5.086 199854.246
1.769000 71.533 31.244 5.086 199853.640
1.770000 71.530 31.241 5.086 199963.664
1.771000 71.526 31.238 5.086 200096.164
1.772000 71.523 31.235 5.086 200117.707
1.773000 71.520 31.232 5.086 200169.872
1.774000 71.517 31.229 5.086 200148.352
1.775000 71.513 31.226 5.086 200123.631
1.776000 71.510 31.223 5.086 200193.030
1.777000 71.507 31.220 5.086 200205.973
1.778000 71.504 31.217 5.086 200143.115
1.779000 71.500 31.214 5.086 200068.283
1.780000 71.497 31.211 5.086 200017.005
1.781000 71.494 31.208 5.086 200121.276
1.782000 71.490 31.205 5.086 200152.189
1.783000 71.487 31.202 5.086 200206.261
1.784000 71.484 31.199 5.086 200230.880
1.785000 71.481 31.197 5.086 200312.713
1.786000 71.477 31.194 5.086 200302.201
1.787000 71.474 31.191 5.086 200305.525
1.788000 71.471 31.188 5.086 200232.349
1.789000 71.468 31.185 5.086 200249.657
1.790000 71.464 31.182 5.086 200279.542
1.791000 71.461 31.179 5.086 200245.595
1.792000 71.458 31.176 5.086 200250.243
1.793000 71.455 31.173 5.086 200259.407
1.794000 71.452 31.170 5.086 200293.961
1.795000 71.448 31.167 5.086 200315.767
1.796000 71.445 31.165 5.086 200269.830
1.797000 71.442 31.162 5.086 200238.629
1.798000 71.439 31.159 5.086 200279.793
1.799000 71.435 31.156 5.086 200427.805
1.800000 71.432 31.153 5.086 200479.767
1.801000 71.429 31.150 5.086 200525.527
1.802000 71.426 31.147 5.086 200614.490
1.803000 71.422 31.144 5.086 200707.394
1.804000 71.419 31.141 5.086 200679.298
1.805000 71.416 31.139 5.086 200700.307
1.806000 71.413 31.136 5.086 200666.651
1.807000 71.410 31.133 5.086 200737.076
1.808000 71.406 31.130 5.086 200689.191
1.809000 71.403 31.127 5.086 200523.964
1.810000 71.400 31.124 5.086 200463.085
1.811000 71.397 31.121 5.086 200580.708
1.812000 71.394 31.119 5.086 200559.144
1.813000 71.390 31.116 5.086 200564.751
1.814000 71.387 31.113 5.086 200757.846
1.815000 71.384 31.110 5.086 200908.924
1.816000 71.381 31.107 5.086 200866.032
1.817000 71.378 31.104 5.086 200835.967
1.818000 71.374 31.101 5.086 200841.361
1.819000 71.371 31.099 5.086 200833.739
1.820000 71.368 31.096 5.086 200972.205
1.821000 71.365 31.093 5.086 201027.453
1.822000 71.362 31.090 5.086 200977.077
1.823000 71.358 31.087 5.086 200965.877
1.824000 71.355 31.084 5.086 201046.877
1.825000 71.352 31.082 5.086 201103.916
1.826000 71.349 31.079 5.086 201114.299
1.827000 71.346 31.076 5.086 201132.353
1.828000 71.343 31.073 5.086 200997.324
1.829000 71.339 31.070 5.086 200925.767
1.830000 71.336 31.067 5.086 200937.918
1.831000 71.333 31.065 5.086 200989.667
1.832000 71.330 31.062 5.086 200912.157
1.833000 71.327 31.059 5.086 200893.804
1.834000 71.324 31.056 5.086 200929.906
1.835000 71.320 31.053 5.086 200989.101
1.836000 71.317 31.051 5.086 201055.722
1.837000 71.314 31.048 5.086 200955.249
1.838000 71.311 31.045 5.086 200884.166
1.839000 71.308 31.042 5.086 200992.496
1.840000 71.305 31.039 5.086 201026.761
1.841000 71.301 31.037 5.086 201028.499
1.842000 71.298 31.034 5.086 201093.542
1.843000 71.295 31.031 5.086 201166.229
1.844000 71.292 31.028 5.086 201199.562
1.845000 71.289 31.026 5.086 201238.383
1.846000 71.286 31.023 5.086 201320.493
1.847000 71.283 31.020 5.086 201310.396
1.848000 71.279 31.017 5.086 201234.526
1.849000 71.276 31.014 5.086 201136.932
1.850000 71.273 31.012 5.086 201126.736
1.851000 71.270 31.009 5.086 201172.496
1.852000 71.267 31.006 5.086 201174.667
1.853000 71.264 31.003 5.086 201244.720
1.854000 71.261 31.001 5.086 201233.002
1.855000 71.257 30.998 5.086 201397.502
1.856000 71.254 30.995 5.086 201332.433
1.857000 71.251 30.992 5.086 201267.761
1.858000 71.248 30.990 5.086 201297.291
1.859000 71.245 30.987 5.086 201290.132
1.860000 71.242 30.984 5.086 201299.904
1.861000 71.239 30.981 5.086 201316.300
1.862000 71.236 30.979 5.086 201216.302
1.863000 71.233 30.976 5.086 201269.078
1.864000 71.229 30.973 5.086 201276.108
1.865000 71.226 30.970 5.086 201340.306
1.866000 71.223 30.968 5.086 201463.679
1.867000 71.220 30.965 5.086 201462.591
1.868000 71.217 30.962 5.086 201457.489
1.869000 71.214 30.959 5.086 201514.403
1.870000 71.211 30.957 5.086 201483.687
1.871000 71.208 30.954 5.086 201542.468
1.872000 71.205 30.951 5.086 201508.818
1.873000 71.201 30.949 5.086 201456.196
1.874000 71.198 30.946 5.086 201659.518
1.875000 71.195 30.943 5.086 201611.644
1.876000 71.192 30.940 5.086 201584.819
1.877000 71.189 30.938 5.086 201519.797
1.878000 71.186 30.935 5.086 201515.678
1.879000 71.183 30.932 5.086 201537.658
1.880000 71.180 30.930 5.086 201694.566
1.881000 71.177 30.927 5.086 201437.923
1.882000 71.174 30.924 5.086 201529.611
1.883000 71.171 30.922 5.086 201549.518
1.884000 71.168 30.919 5.086 201443.530
1.885000 71.164 30.916 5.086 201291.780
1.886000 71.161 30.913 5.086 201568.071
1.887000 71.158 30.911 5.086 201568.473
1.888000 71.155 30.908 5.086 201582.094
1.889000 71.152 30.905 5.086 201616.161
1.890000 71.149 30.903 5.086 201569.330
1.891000 71.146 30.900 5.086 201624.439
1.892000 71.143 30.897 5.086 201587.214
1.893000 71.140 30.895 5.086 201695.316
1.894000 71.137 30.892 5.086 201660.525
1.895000 71.134 30.889 5.086 201568.251
1.896000 71.131 30.887 5.086 201752.633
1.897000 71.128 30.884 5.086 201783.199
1.898000 71.125 30.881 5.086 201841.553
1.899000 71.122 30.879 5.086 201703.872
1.900000 71.118 30.876 5.086 201613.728
1.901000 71.115 30.873 5.086 201714.731
1.902000 71.112 30.871 5.086 201661.744
1.903000 71.109 30.868 5.086 201770.272
1.904000 71.106 30.865 5.086 201781.838
1.905000 71.103 30.863 5.086 201914.765
1.906000 71.100 30.860 5.086 201852.443
1.907000 71.097 30.857 5.086 201827.045
1.908000 71.094 30.855 5.086 201889.092
1.909000 71.091 30.852 5.086 201747.444
1.910000 71.088 30.850 5.086 201733.400
1.911000 71.085 30.847 5.086 201962.354
1.912000 71.082 30.844 5.086 201996.723
1.913000 71.079 30.842 5.086 201877.548
1.914000 71.076 30.839 5.086 201932.899
1.915000 71.073 30.836 5.086 201988.173
1.916000 71.070 30.834 5.086 202003.576
1.917000 71.067 30.831 5.086 202009.160
1.918000 71.064 30.829 5.086 202056.230
1.919000 71.061 30.826 5.086 202151.037
1.920000 71.058 30.823 5.086 202119.208
1.921000 71.055 30.821 5.086 202052.351
1.922000 71.052 30.818 5.086 202061.479
1.923000 71.049 30.815 5.086 202070.757
1.924000 71.046 30.813 5.086 201963.436
1.925000 71.043 30.810 5.086 201911.508
1.926000 71.040 30.808 5.086 202083.622
1.927000 71.037 30.805 5.086 202124.616
1.928000 71.034 30.802 5.086 202099.852
1.929000 71.031 30.800 5.086 202055.331
1.930000 71.028 30.797 5.086 202156.018
1.931000 71.025 30.795 5.086 202133.115
1.932000 71.022 30.792 5.086 202124.822
1.933000 71.019 30.789 5.086 202080.596
1.934000 71.016 30.787 5.086 202099.035
1.935000 71.013 30.784 5.086 202168.290
1.936000 71.010 30.782 5.086 202227.592
1.937000 71.007 30.779 5.086 202333.790
1.938000 71.004 30.777 5.086 202373.817
1.939000 71.001 30.774 5.086 202391.910
1.940000 70.998 30.771 5.086 202397.052
1.941000 70.995 30.769 5.086 202559.210
1.942000 70.992 30.766 5.086 202506.217
1.943000 70.989 30.764 5.086 202441.107
1.944000 70.986 30.761 5.086 202423.496
1.945000 70.983 30.759 5.086 202379.349
1.946000 70.980 30.756 5.086 202427.661
1.947000 70.977 30.753 5.086 202399.836
1.948000 70.974 30.751 5.086 202288.219
1.949000 70.971 30.748 5.086 202394.361
1.950000 70.968 30.746 5.086 202372.399
1.951000 70.965 30.743 5.086 202381.300
1.952000 70.962 30.741 5.086 202421.879
1.953000 70.959 30.738 5.086 202492.040
1.954000 70.956 30.735 5.086 202520.393
1.955000 70.953 30.733 5.086 202470.695
1.956000 70.950 30.730 5.086 202440.184
1.957000 70.947 30.728 5.086 202534.354
1.958000 70.944 30.725 5.086 202516.228
1.959000 70.941 30.723 5.086 202631.829
1.960000 70.939 30.720 5.086 202649.201
1.961000 70.936 30.718 5.086 202642.024
1.962000 70.933 30.715 5.086 202664.848
1.963000 70.930 30.713 5.086 202698.240
1.964000 70.927 30.710 5.086 202639.693
1.965000 70.924 30.708 5.086 202689.554
1.966000 70.921 30.705 5.086 202661.153
1.967000 70.918 30.703 5.086 202674.205
1.968000 70.915 30.700 5.086 202616.932
1.969000 70.912 30.697 5.086 202636.825
1.970000 70.909 30.695 5.086 202653.139
1.971000 70.906 30.692 5.086 202707.389
1.972000 70.903 30.690 5.086 202782.569
1.973000 70.900 30.687 5.086 202755.952
1.974000 70.897 30.685 5.086 202813.111
1.975000 70.894 30.682 5.086 202919.584
1.976000 70.892 30.680 5.086 202995.712
1.977000 70.889 30.677 5.086 203087.158
1.978000 70.886 30.675 5.086 203270.368
1.979000 70.883 30.672 5.086 203272.276
1.980000 70.880 30.670 5.086 203237.083
1.981000 70.877 30.667 5.086 203205.688
1.982000 70.874 30.665 5.086 203204.653
1.983000 70.871 30.662 5.086 203185.930
1.984000 70.868 30.660 5.086 203150.128
1.985000 70.865 30.657 5.086 203232.585
1.986000 70.862 30.655 5.086 202940.764
1.987000 70.859 30.652 5.086 202736.627
1.988000 70.857 30.650 5.086 202779.078
1.989000 70.854 30.647 5.086 202914.559
1.990000 70.851 30.645 5.086 202764.133
1.991000 70.848 30.642 5.086 202714.127
1.992000 70.845 30.640 5.086 202773.196
1.993000 70.842 30.638 5.086 202847.598
1.994000 70.839 30.635 5.086 202817.192
1.995000 70.836 30.633 5.086 202874.596
1.996000 70.833 30.630 5.086 203051.470
1.997000 70.831 30.628 5.086 203086.580
1.998000 70.828 30.625 5.086 203164.514
1.999000 70.825 30.623 5.086 203294.109
2.000000 70.822 30.620 5.086 203321.567
