0.001000 79.942 42.500 5.000 101759.086
0.002000 79.942 42.500 5.000 101624.436
0.003000 79.773 42.499 5.017 101570.453
0.004000 80.147 42.499 4.828 101559.435
0.005000 80.211 42.499 5.086 101559.035
0.006000 80.147 42.498 4.828 101559.146
0.007000 80.147 42.497 4.828 101558.904
0.008000 80.147 42.496 4.828 101558.664
0.009000 79.988 42.496 4.999 101558.669
0.010000 79.988 42.495 4.999 101559.086
0.011000 79.988 42.493 4.999 101559.691
0.012000 79.988 42.492 4.999 101560.380
0.013000 79.773 42.491 5.017 101561.168
0.014000 79.773 42.490 5.017 101562.104
0.015000 79.773 42.488 5.017 101562.994
0.016000 79.773 42.486 5.017 101563.836
0.017000 79.773 42.485 5.017 101564.626
0.018000 79.773 42.483 5.017 101565.360
0.019000 79.773 42.481 5.017 101566.039
0.020000 79.773 42.479 5.017 101566.665
0.021000 79.773 42.477 5.017 101567.248
0.022000 79.773 42.475 5.017 101567.805
0.023000 79.773 42.472 5.017 101568.348
0.024000 79.773 42.470 5.017 101568.911
0.025000 80.147 42.468 4.828 101569.539
0.026000 80.147 42.465 4.828 101570.169
0.027000 80.147 42.462 4.828 101570.787
0.028000 80.147 42.459 4.828 101571.417
0.029000 80.147 42.457 4.828 101572.060
0.030000 80.147 42.454 4.828 101572.719
0.031000 80.147 42.450 4.828 101573.401
0.032000 80.147 42.447 4.828 101574.098
0.033000 80.147 42.444 4.828 101574.788
0.034000 80.147 42.441 4.828 101575.495
0.035000 80.147 42.437 4.828 101576.230
0.036000 80.147 42.433 4.828 101577.007
0.037000 80.147 42.430 4.828 101577.838
0.038000 80.147 42.426 4.828 101578.720
0.039000 80.147 42.422 4.828 101579.628
0.040000 80.147 42.418 4.828 101580.529
0.041000 80.147 42.414 4.828 101581.397
0.042000 80.147 42.410 4.828 101582.227
0.043000 80.147 42.405 4.828 101583.031
0.044000 80.147 42.401 4.828 101583.839
0.045000 80.147 42.397 4.828 101584.699
0.046000 80.147 42.392 4.828 101585.664
0.047000 80.147 42.387 4.828 101586.778
0.048000 79.773 42.382 5.017 101588.078
0.049000 79.773 42.378 5.017 101589.666
0.050000 79.773 42.373 5.017 101591.265
0.051000 79.773 42.367 5.017 101592.757
0.052000 79.773 42.362 5.017 101594.063
0.053000 79.773 42.357 5.017 101595.164
0.054000 79.773 42.352 5.017 101596.100
0.055000 79.773 42.346 5.017 101596.970
0.056000 79.778 42.340 5.054 101597.897
0.057000 79.778 42.335 5.054 101598.966
0.058000 79.778 42.329 5.054 101600.184
0.059000 79.778 42.323 5.054 101601.516
0.060000 79.778 42.317 5.054 101602.963
0.061000 79.778 42.311 5.054 101604.521
0.062000 79.778 42.305 5.054 101606.061
0.063000 79.778 42.298 5.054 101607.414
0.064000 79.778 42.292 5.054 101608.482
0.065000 80.147 42.286 4.828 101609.458
0.066000 80.147 42.279 4.828 101610.233
0.067000 79.778 42.272 5.054 101610.942
0.068000 79.778 42.265 5.054 101611.972
0.069000 79.778 42.259 5.054 101613.177
0.070000 79.778 42.252 5.054 101614.506
0.071000 79.778 42.244 5.054 101615.888
0.072000 79.778 42.237 5.054 101617.262
0.073000 79.778 42.230 5.054 101618.585
0.074000 79.778 42.223 5.054 101619.831
0.075000 79.778 42.215 5.054 101620.992
0.076000 79.778 42.207 5.054 101622.071
0.077000 79.778 42.200 5.054 101623.090
0.078000 79.778 42.192 5.054 101624.084
0.079000 79.778 42.184 5.054 101625.107
0.080000 79.778 42.176 5.054 101626.214
0.081000 79.778 42.168 5.054 101627.432
0.082000 79.778 42.160 5.054 101628.746
0.083000 79.778 42.151 5.054 101630.123
0.084000 79.778 42.143 5.054 101631.534
0.085000 79.778 42.135 5.054 101632.990
0.086000 79.778 42.126 5.054 101634.530
0.087000 79.773 42.117 5.017 101636.189
0.088000 79.773 42.108 5.017 101637.976
0.089000 79.773 42.100 5.017 101639.890
0.090000 79.773 42.091 5.017 101641.944
0.091000 79.773 42.081 5.017 101644.169
0.092000 79.773 42.072 5.017 101646.451
0.093000 79.773 42.063 5.017 101648.556
0.094000 79.773 42.054 5.017 101650.296
0.095000 79.773 42.044 5.017 101651.691
0.096000 79.773 42.034 5.017 101652.977
0.097000 79.773 42.025 5.017 101654.415
0.098000 79.773 42.015 5.017 101656.138
0.099000 79.773 42.005 5.017 101658.113
0.100000 79.773 41.995 5.017 101660.214
0.101000 79.773 41.985 5.017 101649.904
0.102000 79.773 41.975 5.017 101645.920
0.103000 79.773 41.965 5.017 101644.803
0.104000 79.773 41.955 5.017 101644.470
0.105000 79.773 41.945 5.017 101644.168
0.106000 79.773 41.935 5.017 101643.742
0.107000 79.773 41.925 5.017 101643.204
0.108000 79.773 41.915 5.017 101642.595
0.109000 79.773 41.905 5.017 101641.975
0.110000 79.773 41.895 5.017 101641.424
0.111000 79.773 41.885 5.017 101641.030
0.112000 79.773 41.875 5.017 101640.867
0.113000 79.773 41.865 5.017 101640.976
0.114000 79.773 41.855 5.017 101641.317
0.115000 79.773 41.845 5.017 101641.779
0.116000 79.773 41.835 5.017 101642.226
0.117000 79.773 41.825 5.017 101642.558
0.118000 79.773 41.815 5.017 101642.751
0.119000 79.773 41.805 5.017 101642.858
0.120000 79.773 41.795 5.017 101642.970
0.121000 79.773 41.785 5.017 101643.152
0.122000 79.773 41.775 5.017 101643.406
0.123000 79.773 41.765 5.017 101643.714
0.124000 79.773 41.755 5.017 101644.091
0.125000 79.773 41.745 5.017 101644.575
0.126000 79.773 41.735 5.017 101645.131
0.127000 79.773 41.725 5.017 101645.626
0.128000 79.773 41.715 5.017 101645.921
0.129000 79.773 41.705 5.017 101646.006
0.130000 79.773 41.695 5.017 101646.001
0.131000 79.773 41.685 5.017 101646.083
0.132000 79.773 41.675 5.017 101646.369
0.133000 79.773 41.665 5.017 101646.865
0.134000 79.773 41.655 5.017 101647.477
0.135000 79.773 41.645 5.017 101648.080
0.136000 79.773 41.635 5.017 101648.526
0.137000 79.773 41.625 5.017 101648.687
0.138000 79.773 41.615 5.017 101648.498
0.139000 79.773 41.605 5.017 101647.988
0.140000 79.773 41.595 5.017 101647.262
0.141000 79.773 41.585 5.017 101646.456
0.142000 79.773 41.575 5.017 101645.704
0.143000 79.773 41.565 5.017 101645.117
0.144000 79.773 41.555 5.017 101644.761
0.145000 79.773 41.545 5.017 101644.658
0.146000 79.773 41.535 5.017 101644.766
0.147000 79.773 41.525 5.017 101645.036
0.148000 79.773 41.515 5.017 101645.409
0.149000 79.773 41.505 5.017 101645.856
0.150000 79.773 41.495 5.017 101646.350
0.151000 79.773 41.485 5.017 101647.535
0.152000 79.773 41.475 5.017 101648.888
0.153000 79.773 41.465 5.017 101650.225
0.154000 79.773 41.455 5.017 101651.662
0.155000 79.773 41.445 5.017 101653.276
0.156000 79.773 41.435 5.017 101654.970
0.157000 79.773 41.425 5.017 101656.577
0.158000 79.773 41.415 5.017 101658.044
0.159000 79.773 41.405 5.017 101659.457
0.160000 79.773 41.395 5.017 101660.924
0.161000 79.773 41.384 5.017 101662.439
0.162000 79.773 41.374 5.017 101663.841
0.163000 79.773 41.364 5.017 101664.946
0.164000 79.773 41.354 5.017 101665.637
0.165000 79.773 41.344 5.017 101665.913
0.166000 79.773 41.334 5.017 101665.844
0.167000 79.773 41.324 5.017 101665.514
0.168000 79.773 41.313 5.017 101664.967
0.169000 79.773 41.303 5.017 101664.268
0.170000 79.773 41.293 5.017 101663.531
0.171000 79.773 41.283 5.017 101662.913
0.172000 79.773 41.273 5.017 101662.577
0.173000 79.773 41.262 5.017 101662.618
0.174000 80.147 41.252 4.828 101663.033
0.175000 80.147 41.242 4.828 101663.667
0.176000 79.773 41.232 5.017 101664.449
0.177000 79.773 41.221 5.017 101665.316
0.178000 79.773 41.211 5.017 101666.261
0.179000 79.773 41.201 5.017 101667.251
0.180000 79.773 41.191 5.017 101668.236
0.181000 79.773 41.180 5.017 101669.192
0.182000 79.773 41.170 5.017 101670.172
0.183000 79.773 41.160 5.017 101671.269
0.184000 79.773 41.149 5.017 101672.500
0.185000 79.773 41.139 5.017 101673.808
0.186000 79.773 41.129 5.017 101675.132
0.187000 79.773 41.118 5.017 101676.425
0.188000 79.773 41.108 5.017 101677.634
0.189000 79.773 41.098 5.017 101678.656
0.190000 79.773 41.087 5.017 101679.433
0.191000 79.773 41.077 5.017 101680.002
0.192000 79.773 41.066 5.017 101680.489
0.193000 79.773 41.056 5.017 101681.023
0.194000 79.773 41.046 5.017 101681.694
0.195000 79.773 41.035 5.017 101682.469
0.196000 79.773 41.025 5.017 101683.181
0.197000 79.773 41.014 5.017 101683.645
0.198000 79.773 41.004 5.017 101683.806
0.199000 79.773 40.993 5.017 101683.752
0.200000 79.773 40.983 5.017 101683.678
0.201000 79.773 40.972 5.017 101683.816
0.202000 79.773 40.962 5.017 101684.271
0.203000 79.773 40.951 5.017 101685.055
0.204000 79.773 40.941 5.017 101686.038
0.205000 79.773 40.930 5.017 101687.097
0.206000 79.773 40.920 5.017 101688.132
0.207000 79.773 40.909 5.017 101689.198
0.208000 79.773 40.899 5.017 101690.404
0.209000 79.773 40.888 5.017 101691.961
0.210000 79.773 40.877 5.017 101694.109
0.211000 79.773 40.867 5.017 101696.864
0.212000 79.773 40.856 5.017 101700.036
0.213000 79.773 40.846 5.017 101703.454
0.214000 79.773 40.835 5.017 101707.125
0.215000 79.773 40.824 5.017 101711.328
0.216000 79.773 40.814 5.017 101716.137
0.217000 79.773 40.803 5.017 101721.206
0.218000 79.773 40.792 5.017 101726.135
0.219000 79.773 40.782 5.017 101731.028
0.220000 79.773 40.771 5.017 101736.341
0.221000 79.773 40.760 5.017 101742.296
0.222000 79.773 40.750 5.017 101748.427
0.223000 79.773 40.739 5.017 101754.617
0.224000 79.773 40.728 5.017 101761.173
0.225000 79.773 40.718 5.017 101768.411
0.226000 79.773 40.707 5.017 101775.474
0.227000 79.773 40.696 5.017 101782.496
0.228000 79.773 40.685 5.017 101790.695
0.229000 79.773 40.675 5.017 101800.935
0.230000 79.773 40.664 5.017 101811.550
0.231000 79.773 40.653 5.017 101824.049
0.232000 79.773 40.642 5.017 101839.829
0.233000 79.773 40.631 5.017 101856.598
0.234000 79.773 40.621 5.017 101876.121
0.235000 79.773 40.610 5.017 101901.248
0.236000 79.773 40.599 5.017 101927.954
0.237000 79.773 40.588 5.017 101960.315
0.238000 79.773 40.577 5.017 102000.184
0.239000 79.773 40.566 5.017 102042.291
0.240000 79.885 40.555 5.016 102100.611
0.241000 79.885 40.545 5.016 102172.574
0.242000 79.885 40.534 5.016 102263.436
0.243000 79.885 40.523 5.016 102379.849
0.244000 79.885 40.512 5.016 102527.709
0.245000 79.813 40.501 5.013 102726.058
0.246000 79.813 40.490 5.013 103025.963
0.247000 79.813 40.479 5.013 103404.150
0.248000 79.813 40.468 5.013 104106.590
0.249000 79.813 40.457 5.013 105271.271
0.250000 79.813 40.446 5.013 107421.481
0.251000 79.773 40.435 5.017 126836.195
0.252000 79.773 40.424 5.017 170195.613
0.253000 79.773 40.413 5.017 220229.384
0.254000 79.773 40.402 5.017 271031.608
0.255000 79.849 40.391 5.012 314512.038
0.256000 79.885 40.380 5.016 381331.577
0.257000 79.916 40.369 5.016 417510.373
0.258000 79.952 40.358 4.926 433626.537
0.259000 80.040 40.347 4.998 449795.713
0.260000 80.105 40.336 5.041 483798.341
0.261000 80.152 40.325 5.013 480848.404
0.262000 80.175 40.315 5.067 423489.474
0.263000 80.211 40.304 4.967 362379.738
0.264000 80.194 40.293 5.120 330563.542
0.265000 80.174 40.282 4.855 308252.262
0.266000 80.174 40.271 4.855 290772.230
0.267000 80.174 40.261 4.855 276450.935
0.268000 80.174 40.250 4.855 265119.737
0.269000 80.174 40.239 4.855 256014.067
0.270000 80.174 40.229 4.855 248485.151
0.271000 80.147 40.218 4.828 242188.725
0.272000 80.147 40.207 4.828 237336.630
0.273000 80.147 40.196 4.828 233343.261
0.274000 80.147 40.186 4.828 230108.270
0.275000 80.147 40.175 4.828 227571.374
0.276000 80.147 40.165 4.828 225631.854
0.277000 79.879 40.154 4.805 225418.836
0.278000 79.879 40.143 4.805 225920.353
0.279000 79.879 40.133 4.805 226254.643
0.280000 79.879 40.122 4.805 226356.092
0.281000 79.879 40.111 4.805 226153.613
0.282000 79.778 40.101 5.054 225990.679
0.283000 79.778 40.090 5.054 225256.430
0.284000 79.777 40.080 5.054 223673.795
0.285000 79.879 40.069 4.805 222042.776
0.286000 79.879 40.059 4.805 220586.374
0.287000 79.879 40.048 4.805 219244.945
0.288000 79.879 40.037 4.805 217923.694
0.289000 79.879 40.027 4.805 216515.041
0.290000 79.879 40.016 4.805 215187.214
0.291000 79.848 40.006 4.827 213618.831
0.292000 79.848 39.995 4.827 212579.318
0.293000 80.147 39.985 4.828 211635.079
0.294000 79.777 39.974 5.054 211436.010
0.295000 79.777 39.964 5.054 211189.345
0.296000 79.777 39.953 5.054 210711.790
0.297000 80.146 39.943 4.828 210173.616
0.298000 80.146 39.932 4.828 209802.932
0.299000 80.146 39.922 4.828 209445.489
0.300000 80.146 39.911 4.828 209116.173
0.301000 80.146 39.901 4.828 208811.016
0.302000 80.146 39.890 4.828 208501.904
0.303000 80.146 39.880 4.828 208119.440
0.304000 80.146 39.869 4.828 207670.712
0.305000 80.146 39.859 4.828 207235.843
0.306000 80.146 39.848 4.828 206841.108
0.307000 80.146 39.838 4.828 206480.958
0.308000 80.146 39.827 4.828 206143.312
0.309000 80.146 39.817 4.828 205977.397
0.310000 80.146 39.806 4.828 205950.936
0.311000 80.146 39.796 4.828 205947.763
0.312000 80.146 39.786 4.828 205962.056
0.313000 80.146 39.775 4.828 205941.836
0.314000 80.146 39.765 4.828 205864.679
0.315000 80.146 39.754 4.828 205713.915
0.316000 80.146 39.744 4.828 205503.904
0.317000 80.146 39.733 4.828 205256.988
0.318000 80.146 39.723 4.828 204958.074
0.319000 80.146 39.713 4.828 204612.402
0.320000 80.146 39.702 4.828 204246.528
0.321000 80.146 39.692 4.828 203941.659
0.322000 80.146 39.682 4.828 203680.499
0.323000 80.146 39.671 4.828 203373.793
0.324000 80.146 39.661 4.828 203053.172
0.325000 80.146 39.650 4.828 202724.720
0.326000 80.146 39.640 4.828 202496.652
0.327000 80.146 39.630 4.828 202239.976
0.328000 80.116 39.619 4.805 202018.077
0.329000 80.116 39.609 4.805 201833.633
0.330000 80.116 39.599 4.805 201588.558
0.331000 80.116 39.588 4.805 201290.258
0.332000 80.116 39.578 4.805 201018.807
0.333000 80.116 39.567 4.805 200822.868
0.334000 80.116 39.557 4.805 200680.492
0.335000 80.116 39.547 4.805 200560.510
0.336000 80.116 39.536 4.805 200398.968
0.337000 80.116 39.526 4.805 200139.220
0.338000 80.116 39.516 4.805 199799.395
0.339000 80.116 39.506 4.805 199413.659
0.340000 80.116 39.495 4.805 198997.789
0.341000 80.116 39.485 4.805 198621.877
0.342000 80.116 39.475 4.805 198349.794
0.343000 80.116 39.464 4.805 198172.172
0.344000 80.116 39.454 4.805 198071.027
0.345000 80.116 39.444 4.805 198054.638
0.346000 80.146 39.433 4.828 198200.012
0.347000 80.146 39.423 4.828 198405.054
0.348000 80.146 39.413 4.828 198542.987
0.349000 80.146 39.402 4.828 198716.385
0.350000 80.146 39.392 4.828 198787.485
0.351000 80.146 39.382 4.828 198643.424
0.352000 80.146 39.372 4.828 198523.086
0.353000 80.146 39.361 4.828 198438.497
0.354000 80.146 39.351 4.828 198389.500
0.355000 80.146 39.341 4.828 198409.919
0.356000 80.146 39.331 4.828 198419.654
0.357000 80.146 39.320 4.828 198357.180
0.358000 80.146 39.310 4.828 198283.774
0.359000 80.146 39.300 4.828 198194.253
0.360000 80.146 39.290 4.828 198058.347
0.361000 80.146 39.279 4.828 198017.235
0.362000 80.146 39.269 4.828 197924.606
0.363000 80.146 39.259 4.828 197834.574
0.364000 80.146 39.249 4.828 197724.524
0.365000 80.146 39.238 4.828 197621.401
0.366000 80.146 39.228 4.828 197461.702
0.367000 80.146 39.218 4.828 197340.417
0.368000 80.146 39.208 4.828 197217.482
0.369000 80.146 39.198 4.828 197172.923
0.370000 80.146 39.187 4.828 197124.467
0.371000 80.146 39.177 4.828 197029.660
0.372000 80.146 39.167 4.828 196997.331
0.373000 80.146 39.157 4.828 197096.583
0.374000 80.146 39.146 4.828 197089.488
0.375000 80.146 39.136 4.828 197055.456
0.376000 80.146 39.126 4.828 196886.314
0.377000 80.146 39.116 4.828 196860.158
0.378000 80.146 39.106 4.828 196897.348
0.379000 80.146 39.096 4.828 196881.877
0.380000 80.146 39.085 4.828 196756.123
0.381000 80.146 39.075 4.828 196681.658
0.382000 80.146 39.065 4.828 196624.564
0.383000 80.146 39.055 4.828 196632.951
0.384000 80.146 39.045 4.828 196671.589
0.385000 80.146 39.035 4.828 196711.494
0.386000 80.146 39.024 4.828 196688.337
0.387000 80.146 39.014 4.828 196659.934
0.388000 80.146 39.004 4.828 196568.226
0.389000 80.146 38.994 4.828 196491.543
0.390000 80.146 38.984 4.828 196416.954
0.391000 80.146 38.974 4.828 196394.086
0.392000 80.146 38.964 4.828 196415.294
0.393000 80.146 38.953 4.828 196417.404
0.394000 80.146 38.943 4.828 196501.495
0.395000 80.146 38.933 4.828 196401.581
0.396000 80.146 38.923 4.828 196440.738
0.397000 80.146 38.913 4.828 196727.632
0.398000 80.146 38.903 4.828 196723.049
0.399000 80.146 38.893 4.828 196671.036
0.400000 80.146 38.883 4.828 196599.414
0.401000 80.146 38.872 4.828 196519.201
0.402000 80.146 38.862 4.828 196389.517
0.403000 80.146 38.852 4.828 196466.581
0.404000 80.146 38.842 4.828 196398.299
0.405000 80.146 38.832 4.828 196413.209
0.406000 80.146 38.822 4.828 196496.091
0.407000 80.146 38.812 4.828 196566.314
0.408000 80.146 38.802 4.828 196547.801
0.409000 80.146 38.792 4.828 196467.036
0.410000 80.146 38.782 4.828 196448.526
0.411000 80.146 38.772 4.828 196412.548
0.412000 80.146 38.762 4.828 196366.476
0.413000 80.146 38.751 4.828 196404.318
0.414000 80.146 38.741 4.828 196471.864
0.415000 80.146 38.731 4.828 196429.418
0.416000 80.146 38.721 4.828 196458.897
0.417000 80.146 38.711 4.828 196454.006
0.418000 80.147 38.701 4.828 196400.778
0.419000 80.147 38.691 4.828 196468.497
0.420000 80.147 38.681 4.828 196468.826
0.421000 80.147 38.671 4.828 196509.110
0.422000 80.147 38.661 4.828 196831.747
0.423000 80.147 38.651 4.828 196797.728
0.424000 80.147 38.641 4.828 196618.662
0.425000 80.147 38.631 4.828 196530.240
0.426000 80.147 38.621 4.828 196626.829
0.427000 80.147 38.611 4.828 196692.276
0.428000 80.147 38.601 4.828 196561.060
0.429000 80.147 38.591 4.828 196314.976
0.430000 80.147 38.581 4.828 196458.695
0.431000 80.147 38.571 4.828 196432.043
0.432000 80.147 38.561 4.828 196425.559
0.433000 80.147 38.551 4.828 196462.817
0.434000 80.147 38.541 4.828 196471.685
0.435000 80.147 38.531 4.828 196575.881
0.436000 80.148 38.521 4.828 196449.507
0.437000 80.148 38.511 4.828 196415.253
0.438000 80.148 38.501 4.828 196404.725
0.439000 80.148 38.491 4.828 196415.111
0.440000 80.148 38.481 4.828 196399.011
0.441000 80.148 38.471 4.828 196411.650
0.442000 80.148 38.461 4.828 196536.973
0.443000 80.148 38.451 4.828 196604.544
0.444000 80.148 38.441 4.828 196615.169
0.445000 80.148 38.431 4.828 196557.483
0.446000 80.148 38.421 4.828 196551.920
0.447000 80.148 38.411 4.828 196648.049
0.448000 80.148 38.402 4.828 197024.822
0.449000 80.148 38.392 4.828 196982.241
0.450000 80.149 38.382 4.828 196875.294
0.451000 80.149 38.372 4.828 196928.768
0.452000 80.149 38.362 4.828 196972.155
0.453000 80.149 38.352 4.828 196770.016
0.454000 80.149 38.342 4.828 196753.359
0.455000 80.149 38.332 4.828 196824.996
0.456000 80.149 38.322 4.828 196804.192
0.457000 80.149 38.312 4.828 196946.605
0.458000 80.149 38.302 4.828 196994.948
0.459000 80.149 38.292 4.828 197018.651
0.460000 80.150 38.283 4.828 196901.304
0.461000 80.150 38.273 4.828 196930.388
0.462000 80.150 38.263 4.828 197002.869
0.463000 80.150 38.253 4.828 197025.557
0.464000 80.150 38.243 4.828 197065.176
0.465000 80.150 38.233 4.828 197112.611
0.466000 80.150 38.223 4.828 197195.008
0.467000 80.150 38.213 4.828 197175.600
0.468000 80.150 38.204 4.828 197179.903
0.469000 80.151 38.194 4.828 197291.980
0.470000 80.151 38.184 4.828 197366.268
0.471000 80.151 38.174 4.828 197363.050
0.472000 80.151 38.164 4.828 197482.877
0.473000 80.151 38.154 4.828 197529.929
0.474000 80.151 38.144 4.828 197566.686
0.475000 80.152 38.135 4.828 197889.539
0.476000 80.152 38.125 4.828 197758.252
0.477000 80.152 38.115 4.828 197711.776
0.478000 80.152 38.105 4.828 197928.143
0.479000 80.152 38.095 4.828 197908.738
0.480000 80.153 38.085 4.828 197931.597
0.481000 80.153 38.076 4.828 197994.733
0.482000 80.153 38.066 4.828 198098.889
0.483000 80.153 38.056 4.828 198000.115
0.484000 80.154 38.046 4.828 197799.098
0.485000 80.154 38.036 4.828 197967.212
0.486000 80.154 38.027 4.828 198167.926
0.487000 80.154 38.017 4.828 198215.348
0.488000 80.155 38.007 4.828 198265.781
0.489000 80.155 37.997 4.828 198133.268
0.490000 80.155 37.988 4.828 198136.493
0.491000 80.156 37.978 4.828 198255.605
0.492000 80.156 37.968 4.828 198469.375
0.493000 80.156 37.958 4.828 198501.898
0.494000 80.157 37.948 4.828 198384.882
0.495000 80.157 37.939 4.828 198526.635
0.496000 80.158 37.929 4.828 198610.383
0.497000 80.158 37.919 4.828 198525.706
0.498000 80.158 37.909 4.828 198531.626
0.499000 80.159 37.900 4.828 198640.814
0.500000 80.159 37.890 4.828 198726.971
0.501000 80.160 37.880 4.828 199054.162
0.502000 80.160 37.871 4.828 199578.529
0.503000 80.161 37.861 4.828 199457.254
0.504000 80.161 37.851 4.828 199244.318
0.505000 80.162 37.841 4.828 199533.249
0.506000 80.162 37.832 4.828 199491.572
0.507000 80.163 37.822 4.828 199563.476
0.508000 80.163 37.812 4.828 200092.299
0.509000 80.164 37.803 4.828 200181.693
0.510000 80.165 37.793 4.828 199994.357
0.511000 80.165 37.783 4.828 200101.430
0.512000 80.166 37.774 4.828 200126.281
0.513000 80.167 37.764 4.828 200162.436
0.514000 80.167 37.754 4.828 200131.871
0.515000 80.168 37.745 4.828 200409.824
0.516000 80.169 37.735 4.828 200765.612
0.517000 80.169 37.725 4.828 200849.473
0.518000 80.170 37.716 4.828 200609.949
0.519000 80.171 37.706 4.828 200644.854
0.520000 80.171 37.696 4.828 200827.793
0.521000 80.172 37.687 4.828 201200.098
0.522000 80.173 37.677 4.828 201290.283
0.523000 80.174 37.667 4.828 201259.398
0.524000 80.175 37.658 4.828 201353.020
0.525000 80.175 37.648 4.828 201465.944
0.526000 80.176 37.639 4.828 201778.356
0.527000 80.177 37.629 4.828 201825.228
0.528000 80.178 37.619 4.828 202096.775
0.529000 80.179 37.610 4.828 202386.001
0.530000 80.180 37.600 4.828 202483.028
0.531000 80.180 37.591 4.828 202939.495
0.532000 80.181 37.581 4.828 203324.746
0.533000 80.182 37.571 4.828 203517.760
0.534000 80.183 37.562 4.828 203714.674
0.535000 80.184 37.552 4.828 203777.445
0.536000 80.185 37.543 4.828 204238.235
0.537000 80.186 37.533 4.828 204448.466
0.538000 80.187 37.524 4.828 204558.984
0.539000 80.188 37.514 4.828 205185.916
0.540000 80.189 37.505 4.828 205333.511
0.541000 80.190 37.495 4.828 205556.526
0.542000 80.191 37.486 4.828 205529.164
0.543000 80.192 37.476 4.828 206192.506
0.544000 80.193 37.466 4.828 206228.285
0.545000 80.194 37.457 4.828 206548.920
0.546000 80.195 37.447 4.828 206840.738
0.547000 80.196 37.438 4.828 207163.709
0.548000 80.197 37.428 4.828 207172.301
0.549000 80.197 37.419 4.828 207221.289
0.550000 80.198 37.409 4.828 207298.661
0.551000 80.199 37.400 4.828 206913.681
0.552000 80.200 37.390 4.828 206893.141
0.553000 80.201 37.381 4.828 206664.680
0.554000 80.202 37.372 4.828 206308.372
0.555000 80.203 37.362 4.828 205854.257
0.556000 80.204 37.353 4.828 205414.840
0.557000 80.205 37.343 4.828 204903.185
0.558000 80.206 37.334 4.828 204629.601
0.559000 80.207 37.324 4.828 204289.398
0.560000 80.208 37.315 4.828 203955.023
0.561000 80.208 37.305 4.828 203816.099
0.562000 80.209 37.296 4.828 203778.264
0.563000 80.210 37.287 4.828 203389.245
0.564000 80.211 37.277 4.828 203616.044
0.565000 80.212 37.268 4.828 203595.315
0.566000 80.213 37.258 4.828 203545.897
0.567000 80.214 37.249 4.828 203455.936
0.568000 80.215 37.239 4.828 203688.295
0.569000 80.216 37.230 4.828 203645.577
0.570000 80.217 37.221 4.828 203589.841
0.571000 80.218 37.211 4.828 203915.196
0.572000 80.219 37.202 4.828 204150.005
0.573000 80.220 37.193 4.828 204393.709
0.574000 80.221 37.183 4.828 204452.191
0.575000 80.222 37.174 4.828 204827.257
0.576000 80.223 37.164 4.828 204928.986
0.577000 80.224 37.155 4.828 204905.547
0.578000 80.225 37.146 4.828 204894.725
0.579000 80.226 37.136 4.828 205103.272
0.580000 80.227 37.127 4.828 205492.563
0.581000 80.228 37.118 4.828 205468.404
0.582000 80.229 37.108 4.828 205395.163
0.583000 80.230 37.099 4.828 205252.237
0.584000 80.231 37.090 4.828 205240.979
0.585000 80.232 37.080 4.828 205360.354
0.586000 80.233 37.071 4.828 205269.628
0.587000 80.233 37.062 4.828 205124.140
0.588000 80.234 37.052 4.828 205001.745
0.589000 80.235 37.043 4.828 204664.315
0.590000 80.236 37.034 4.828 204517.830
0.591000 80.237 37.025 4.828 204576.808
0.592000 80.238 37.015 4.828 204494.230
0.593000 80.239 37.006 4.828 204144.969
0.594000 80.240 36.997 4.828 204016.688
0.595000 80.241 36.988 4.828 204054.152
0.596000 80.242 36.978 4.828 204094.134
0.597000 80.243 36.969 4.828 204039.730
0.598000 80.244 36.960 4.828 204131.765
0.599000 80.245 36.951 4.828 203848.609
0.600000 80.246 36.941 4.828 203673.778
0.601000 80.247 36.932 4.828 203870.919
0.602000 80.248 36.923 4.828 203897.913
0.603000 80.249 36.914 4.828 204015.649
0.604000 80.250 36.904 4.828 204347.009
0.605000 80.251 36.895 4.828 204416.590
0.606000 80.252 36.886 4.828 204594.265
0.607000 80.253 36.877 4.828 204498.944
0.608000 80.254 36.868 4.828 204742.121
0.609000 80.255 36.858 4.828 204738.962
0.610000 80.256 36.849 4.828 204598.352
0.611000 80.257 36.840 4.828 204787.992
0.612000 80.258 36.831 4.828 205099.992
0.613000 80.259 36.822 4.828 205180.765
0.614000 80.261 36.813 4.828 205050.214
0.615000 80.262 36.803 4.828 205019.574
0.616000 80.263 36.794 4.828 204624.023
0.617000 80.264 36.785 4.828 204523.646
0.618000 80.265 36.776 4.828 204687.794
0.619000 80.266 36.767 4.828 204665.124
0.620000 80.267 36.758 4.828 204299.764
0.621000 80.268 36.748 4.828 204204.583
0.622000 80.269 36.739 4.828 204157.892
0.623000 80.270 36.730 4.828 204084.894
0.624000 80.271 36.721 4.828 203939.635
0.625000 80.272 36.712 4.828 204114.721
0.626000 80.273 36.703 4.828 204063.348
0.627000 80.274 36.694 4.828 204327.375
0.628000 80.275 36.685 4.828 204494.353
0.629000 80.276 36.676 4.828 204249.408
0.630000 80.277 36.667 4.828 204338.500
0.631000 80.278 36.657 4.828 204468.007
0.632000 80.279 36.648 4.828 204619.766
0.633000 80.280 36.639 4.828 204640.764
0.634000 80.281 36.630 4.828 204700.236
0.635000 80.282 36.621 4.828 204752.743
0.636000 80.283 36.612 4.828 204837.960
0.637000 80.284 36.603 4.828 205140.244
0.638000 80.285 36.594 4.828 205252.595
0.639000 80.286 36.585 4.828 205234.930
0.640000 80.287 36.576 4.828 205359.013
0.641000 80.289 36.567 4.828 205351.666
0.642000 80.290 36.558 4.828 205449.191
0.643000 80.291 36.549 4.828 205470.055
0.644000 80.292 36.540 4.828 205390.496
0.645000 80.293 36.531 4.828 205072.207
0.646000 80.294 36.522 4.828 204965.892
0.647000 80.295 36.513 4.828 204893.997
0.648000 80.296 36.504 4.828 204733.534
0.649000 80.297 36.495 4.828 204603.274
0.650000 80.298 36.486 4.828 204406.773
0.651000 80.299 36.477 4.828 204341.779
0.652000 80.300 36.468 4.828 204316.254
0.653000 80.301 36.459 4.828 204197.680
0.654000 80.302 36.450 4.828 204055.241
0.655000 80.303 36.441 4.828 204190.267
0.656000 80.304 36.432 4.828 204104.466
0.657000 80.305 36.423 4.828 204156.184
0.658000 80.306 36.414 4.828 204332.468
0.659000 80.307 36.405 4.828 204540.534
0.660000 80.308 36.397 4.828 204733.175
0.661000 80.310 36.388 4.828 205060.226
0.662000 80.311 36.379 4.828 205089.253
0.663000 80.312 36.370 4.828 205234.099
0.664000 80.313 36.361 4.828 205219.496
0.665000 80.314 36.352 4.828 205450.473
0.666000 80.315 36.343 4.828 205505.500
0.667000 80.316 36.334 4.828 205251.610
0.668000 80.317 36.325 4.828 205658.694
0.669000 80.318 36.316 4.828 205606.676
0.670000 80.319 36.308 4.828 205582.214
0.671000 80.320 36.299 4.828 205608.719
0.672000 80.321 36.290 4.828 205477.884
0.673000 80.322 36.281 4.828 205379.309
0.674000 80.323 36.272 4.828 205198.730
0.675000 80.324 36.263 4.828 205146.648
0.676000 80.325 36.254 4.828 205277.869
0.677000 80.326 36.246 4.828 204988.337
0.678000 80.328 36.237 4.828 204812.961
0.679000 80.329 36.228 4.828 204687.722
0.680000 80.330 36.219 4.828 204415.907
0.681000 80.331 36.210 4.828 204448.239
0.682000 80.332 36.202 4.828 204398.723
0.683000 80.333 36.193 4.828 204202.190
0.684000 80.334 36.184 4.828 204138.661
0.685000 80.335 36.175 4.828 204214.148
0.686000 80.336 36.166 4.828 204318.787
0.687000 80.337 36.158 4.828 204304.987
0.688000 80.338 36.149 4.828 204531.438
0.689000 80.339 36.140 4.828 204535.230
0.690000 80.340 36.131 4.828 204624.150
0.691000 80.341 36.122 4.828 204791.351
0.692000 80.342 36.114 4.828 205103.321
0.693000 80.343 36.105 4.828 205418.037
0.694000 80.344 36.096 4.828 205577.094
0.695000 80.345 36.088 4.828 205733.541
0.696000 80.346 36.079 4.828 205780.503
0.697000 80.348 36.070 4.828 205894.072
0.698000 80.349 36.061 4.828 205729.131
0.699000 80.350 36.053 4.828 205912.747
0.700000 80.351 36.044 4.828 205682.639
0.701000 80.352 36.035 4.828 205410.875
0.702000 80.353 36.027 4.828 205343.526
0.703000 80.354 36.018 4.828 205123.069
0.704000 80.355 36.009 4.828 204831.064
0.705000 80.356 36.001 4.828 204534.999
0.706000 80.357 35.992 4.828 204721.311
0.707000 80.358 35.983 4.828 204715.587
0.708000 80.359 35.975 4.828 204487.442
0.709000 80.360 35.966 4.828 204489.112
0.710000 80.361 35.957 4.828 204339.302
0.711000 80.362 35.949 4.828 204303.747
0.712000 80.363 35.940 4.828 204279.837
0.713000 80.364 35.931 4.828 204208.484
0.714000 80.365 35.923 4.828 204220.419
0.715000 80.366 35.914 4.828 204350.973
0.716000 80.367 35.906 4.828 204314.357
0.717000 80.368 35.897 4.828 204218.645
0.718000 80.369 35.888 4.828 204246.982
0.719000 80.370 35.880 4.828 204423.844
0.720000 80.371 35.871 4.828 204571.061
0.721000 80.373 35.863 4.828 204727.026
0.722000 80.374 35.854 4.828 204781.215
0.723000 80.375 35.846 4.828 204753.395
0.724000 80.376 35.837 4.828 204836.123
0.725000 80.377 35.829 4.828 204848.208
0.726000 80.378 35.820 4.828 204980.565
0.727000 80.379 35.812 4.828 205111.775
0.728000 80.380 35.803 4.828 205395.242
0.729000 80.381 35.795 4.828 205521.008
0.730000 80.382 35.786 4.828 205235.512
0.731000 80.383 35.778 4.828 205259.422
0.732000 80.384 35.769 4.828 204816.433
0.733000 80.385 35.761 4.828 204569.296
0.734000 80.386 35.752 4.828 204676.928
0.735000 80.387 35.744 4.828 204782.249
0.736000 80.388 35.735 4.828 204414.327
0.737000 80.389 35.727 4.828 204419.485
0.738000 80.390 35.718 4.828 204230.429
0.739000 80.391 35.710 4.828 204067.044
0.740000 80.392 35.701 4.828 203894.563
0.741000 80.393 35.693 4.828 203989.445
0.742000 80.394 35.685 4.828 204053.943
0.743000 80.395 35.676 4.828 203877.551
0.744000 80.396 35.668 4.828 203818.876
0.745000 80.397 35.659 4.828 203805.118
0.746000 80.399 35.651 4.828 203806.211
0.747000 80.400 35.643 4.828 204025.558
0.748000 80.401 35.634 4.828 204120.041
0.749000 80.402 35.626 4.828 204028.340
0.750000 80.403 35.618 4.828 203981.976
0.751000 80.404 35.609 4.828 204077.214
0.752000 80.405 35.601 4.828 204103.057
0.753000 80.406 35.592 4.828 204104.896
0.754000 80.407 35.584 4.828 204141.975
0.755000 80.408 35.576 4.828 204253.794
0.756000 80.409 35.568 4.828 204159.905
0.757000 80.410 35.559 4.828 204318.829
0.758000 80.411 35.551 4.828 204302.048
0.759000 80.412 35.543 4.828 204230.814
0.760000 80.413 35.534 4.828 204208.060
0.761000 80.414 35.526 4.828 204243.127
0.762000 80.415 35.518 4.828 204184.316
0.763000 80.416 35.510 4.828 204288.766
0.764000 80.417 35.501 4.828 204396.300
0.765000 80.418 35.493 4.828 204434.984
0.766000 80.419 35.485 4.828 203980.202
0.767000 80.420 35.477 4.828 204167.928
0.768000 80.421 35.468 4.828 204016.235
0.769000 80.423 35.460 4.828 203810.176
0.770000 80.424 35.452 4.828 203834.800
0.771000 80.425 35.444 4.828 203827.581
0.772000 80.426 35.436 4.828 203451.714
0.773000 80.427 35.427 4.828 203533.344
0.774000 80.428 35.419 4.828 203589.071
0.775000 80.429 35.411 4.828 203434.127
0.776000 80.430 35.403 4.828 203469.054
0.777000 80.431 35.395 4.828 203590.105
0.778000 80.432 35.387 4.828 203346.641
0.779000 80.433 35.379 4.828 203189.736
0.780000 80.434 35.370 4.828 203345.842
0.781000 80.435 35.362 4.828 203369.809
0.782000 80.436 35.354 4.828 203341.609
0.783000 80.437 35.346 4.828 203351.416
0.784000 80.438 35.338 4.828 203207.925
0.785000 80.439 35.330 4.828 203270.138
0.786000 80.440 35.322 4.828 203459.345
0.787000 80.441 35.314 4.828 203396.102
0.788000 80.442 35.306 4.828 203595.672
0.789000 80.443 35.298 4.828 203574.685
0.790000 80.444 35.290 4.828 203563.468
0.791000 80.445 35.282 4.828 203543.215
0.792000 80.447 35.274 4.828 203562.662
0.793000 80.448 35.266 4.828 203568.987
0.794000 80.449 35.258 4.828 203467.170
0.795000 80.450 35.250 4.828 203439.187
0.796000 80.451 35.242 4.828 203416.035
0.797000 80.452 35.234 4.828 203249.565
0.798000 80.453 35.226 4.828 203216.946
0.799000 80.454 35.218 4.828 203362.185
0.800000 80.455 35.210 4.828 203390.460
0.801000 80.456 35.202 4.828 203481.087
0.802000 80.457 35.194 4.828 203397.426
0.803000 80.458 35.186 4.828 203211.746
0.804000 80.459 35.178 4.828 203136.317
0.805000 80.460 35.170 4.828 203052.628
0.806000 80.461 35.162 4.828 203205.147
0.807000 80.462 35.154 4.828 203145.743
0.808000 80.463 35.146 4.828 202949.293
0.809000 80.464 35.138 4.828 202984.916
0.810000 80.465 35.130 4.828 203008.119
0.811000 80.466 35.123 4.828 203117.949
0.812000 80.467 35.115 4.828 203090.321
0.813000 80.468 35.107 4.828 202904.347
0.814000 80.469 35.099 4.828 202646.933
0.815000 80.470 35.091 4.828 202721.521
0.816000 80.471 35.083 4.828 202753.178
0.817000 80.472 35.075 4.828 202697.289
0.818000 80.473 35.068 4.828 202575.826
0.819000 80.475 35.060 4.828 202591.205
0.820000 80.476 35.052 4.828 202497.124
0.821000 80.477 35.044 4.828 202546.390
0.822000 80.478 35.036 4.828 202330.624
0.823000 80.479 35.029 4.828 202362.727
0.824000 80.480 35.021 4.828 202518.451
0.825000 80.481 35.013 4.828 202554.991
0.826000 80.482 35.005 4.828 202580.714
0.827000 80.483 34.998 4.828 202475.601
0.828000 80.484 34.990 4.828 202429.750
0.829000 80.485 34.982 4.828 202447.444
0.830000 80.486 34.974 4.828 202532.510
0.831000 80.487 34.967 4.828 202489.052
0.832000 80.488 34.959 4.828 202303.297
0.833000 80.489 34.951 4.828 202326.824
0.834000 80.490 34.944 4.828 202424.990
0.835000 80.491 34.936 4.828 202397.722
0.836000 80.492 34.928 4.828 202493.291
0.837000 80.493 34.921 4.828 202569.609
0.838000 80.494 34.913 4.828 202869.303
0.839000 80.495 34.905 4.828 202907.158
0.840000 80.496 34.898 4.828 202742.194
0.841000 80.497 34.890 4.828 202716.397
0.842000 80.498 34.882 4.828 202765.773
0.843000 80.499 34.875 4.828 202762.357
0.844000 80.500 34.867 4.828 202639.965
0.845000 80.501 34.860 4.828 202670.534
0.846000 80.502 34.852 4.828 202547.284
0.847000 80.503 34.844 4.828 202442.273
0.848000 80.504 34.837 4.828 202544.847
0.849000 80.505 34.829 4.828 202517.060
0.850000 80.506 34.822 4.828 202498.528
0.851000 80.507 34.814 4.828 202378.728
0.852000 80.508 34.807 4.828 202192.435
0.853000 80.509 34.799 4.828 202127.686
0.854000 80.510 34.791 4.828 202172.799
0.855000 80.511 34.784 4.828 201940.032
0.856000 80.512 34.776 4.828 201909.526
0.857000 80.513 34.769 4.828 201877.553
0.858000 80.514 34.761 4.828 201837.435
0.859000 80.515 34.754 4.828 201700.906
0.860000 80.516 34.746 4.828 201583.403
0.861000 80.517 34.739 4.828 201695.514
0.862000 80.518 34.731 4.828 201823.644
0.863000 80.519 34.724 4.828 201692.742
0.864000 80.520 34.717 4.828 201680.068
0.865000 80.522 34.709 4.828 201734.956
0.866000 80.523 34.702 4.828 201782.952
0.867000 80.524 34.694 4.828 201823.005
0.868000 80.525 34.687 4.828 201557.897
0.869000 80.526 34.679 4.828 201766.816
0.870000 80.527 34.672 4.828 201857.824
0.871000 80.528 34.665 4.828 201729.711
0.872000 80.529 34.657 4.828 201750.064
0.873000 80.530 34.650 4.828 201846.193
0.874000 80.531 34.642 4.828 201935.247
0.875000 80.532 34.635 4.828 202115.963
0.876000 80.533 34.628 4.828 202163.206
0.877000 80.534 34.620 4.828 202403.623
0.878000 80.535 34.613 4.828 202436.006
0.879000 80.536 34.606 4.828 202508.378
0.880000 80.537 34.598 4.828 202598.615
0.881000 80.538 34.591 4.828 202557.171
0.882000 80.539 34.584 4.828 202647.343
0.883000 80.540 34.576 4.828 202627.711
0.884000 80.541 34.569 4.828 202675.508
0.885000 80.542 34.562 4.828 202649.393
0.886000 80.543 34.554 4.828 202704.386
0.887000 80.544 34.547 4.828 202653.823
0.888000 80.545 34.540 4.828 202564.261
0.889000 80.546 34.532 4.828 202589.887
0.890000 80.547 34.525 4.828 202412.775
0.891000 80.548 34.518 4.828 202252.640
0.892000 80.549 34.511 4.828 202161.621
0.893000 80.550 34.503 4.828 202225.053
0.894000 80.551 34.496 4.828 202102.573
0.895000 80.552 34.489 4.828 201962.099
0.896000 80.553 34.482 4.828 201975.139
0.897000 80.554 34.474 4.828 201908.160
0.898000 80.555 34.467 4.828 201823.395
0.899000 80.556 34.460 4.828 201759.207
0.900000 80.557 34.453 4.828 201770.515
0.901000 80.558 34.446 4.828 201663.334
0.902000 80.559 34.438 4.828 201711.976
0.903000 80.559 34.431 4.828 201624.380
0.904000 80.560 34.424 4.828 201614.434
0.905000 80.561 34.417 4.828 201575.759
0.906000 80.562 34.410 4.828 201694.122
0.907000 80.563 34.402 4.828 201714.517
0.908000 80.564 34.395 4.828 201696.015
0.909000 80.565 34.388 4.828 201586.672
0.910000 80.566 34.381 4.828 201695.565
0.911000 80.567 34.374 4.828 201581.912
0.912000 80.568 34.367 4.828 201552.617
0.913000 80.569 34.359 4.828 201739.855
0.914000 80.570 34.352 4.828 201677.054
0.915000 80.571 34.345 4.828 201842.756
0.916000 80.572 34.338 4.828 201875.740
0.917000 80.573 34.331 4.828 201983.538
0.918000 80.574 34.324 4.828 202214.972
0.919000 80.575 34.317 4.828 202252.832
0.920000 80.576 34.310 4.828 202266.317
0.921000 80.577 34.303 4.828 202197.565
0.922000 80.578 34.296 4.828 202137.582
0.923000 80.579 34.289 4.828 202078.788
0.924000 80.580 34.281 4.828 202066.578
0.925000 80.581 34.274 4.828 202238.319
0.926000 80.582 34.267 4.828 202243.504
0.927000 80.583 34.260 4.828 202261.636
0.928000 80.584 34.253 4.828 202363.977
0.929000 80.585 34.246 4.828 202449.359
0.930000 80.586 34.239 4.828 202407.781
0.931000 80.587 34.232 4.828 202509.630
0.932000 80.588 34.225 4.828 202529.196
0.933000 80.589 34.218 4.828 202541.791
0.934000 80.590 34.211 4.828 202502.359
0.935000 80.591 34.204 4.828 202487.991
0.936000 80.592 34.197 4.828 202372.096
0.937000 80.593 34.190 4.828 202321.260
0.938000 80.594 34.183 4.828 202349.626
0.939000 80.595 34.176 4.828 202298.361
0.940000 80.596 34.169 4.828 202087.687
0.941000 80.597 34.162 4.828 202117.852
0.942000 80.598 34.155 4.828 201985.002
0.943000 80.599 34.148 4.828 202006.540
0.944000 80.600 34.141 4.828 201969.461
0.945000 80.601 34.134 4.828 201897.307
0.946000 80.602 34.128 4.828 201759.344
0.947000 80.602 34.121 4.828 201816.116
0.948000 80.603 34.114 4.828 201912.856
0.949000 80.604 34.107 4.828 201919.181
0.950000 80.605 34.100 4.828 201951.286
0.951000 80.606 34.093 4.828 201876.284
0.952000 80.607 34.086 4.828 201755.818
0.953000 80.608 34.079 4.828 201825.594
0.954000 80.609 34.072 4.828 201800.205
0.955000 80.610 34.065 4.828 201868.147
0.956000 80.611 34.059 4.828 201798.270
0.957000 80.612 34.052 4.828 201906.731
0.958000 80.613 34.045 4.828 202042.798
0.959000 80.614 34.038 4.828 202172.106
0.960000 80.615 34.031 4.828 202301.520
0.961000 80.616 34.024 4.828 202540.874
0.962000 80.617 34.017 4.828 202608.884
0.963000 80.618 34.011 4.828 202741.649
0.964000 80.619 34.004 4.828 202786.908
0.965000 80.620 33.997 4.828 202746.952
0.966000 80.621 33.990 4.828 202744.456
0.967000 80.622 33.983 4.828 202795.384
0.968000 80.623 33.976 4.828 202831.360
0.969000 80.624 33.970 4.828 202835.548
0.970000 80.625 33.963 4.828 202868.905
0.971000 80.625 33.956 4.828 202782.055
0.972000 80.626 33.949 4.828 202708.972
0.973000 80.627 33.942 4.828 202734.698
0.974000 80.628 33.936 4.828 202713.803
0.975000 80.629 33.929 4.828 202764.629
0.976000 80.630 33.922 4.828 202806.673
0.977000 80.631 33.915 4.828 202886.410
0.978000 80.632 33.909 4.828 202889.490
0.979000 80.633 33.902 4.828 202960.182
0.980000 80.634 33.895 4.828 202872.039
0.981000 80.635 33.888 4.828 202978.496
0.982000 80.636 33.882 4.828 202933.958
0.983000 80.637 33.875 4.828 202991.494
0.984000 80.638 33.868 4.828 202946.831
0.985000 80.639 33.861 4.828 202711.437
0.986000 80.640 33.855 4.828 202655.339
0.987000 80.641 33.848 4.828 202681.771
0.988000 80.641 33.841 4.828 202526.665
0.989000 80.642 33.834 4.828 202407.524
0.990000 80.643 33.828 4.828 202353.593
0.991000 80.644 33.821 4.828 202323.608
0.992000 80.645 33.814 4.828 202372.843
0.993000 80.646 33.808 4.828 202444.113
0.994000 80.647 33.801 4.828 202288.751
0.995000 80.648 33.794 4.828 202282.077
0.996000 80.649 33.788 4.828 202233.858
0.997000 80.650 33.781 4.828 202282.770
0.998000 80.651 33.774 4.828 202382.439
0.999000 80.652 33.768 4.828 202471.290
1.000000 80.653 33.761 4.828 202554.541
1.001000 80.654 33.754 4.828 202699.336
1.002000 80.655 33.748 4.828 202845.209
1.003000 80.656 33.741 4.828 202927.677
1.004000 80.656 33.734 4.828 203100.795
1.005000 80.657 33.728 4.828 203402.986
1.006000 80.658 33.721 4.828 203533.228
1.007000 80.659 33.715 4.828 203568.324
1.008000 80.660 33.708 4.828 203557.598
1.009000 80.661 33.701 4.828 203483.809
1.010000 80.662 33.695 4.828 203495.280
1.011000 80.663 33.688 4.828 203608.671
1.012000 80.664 33.682 4.828 203580.889
1.013000 80.665 33.675 4.828 203643.579
1.014000 80.666 33.668 4.828 203540.028
1.015000 80.667 33.662 4.828 203450.362
1.016000 80.668 33.655 4.828 203578.854
1.017000 80.668 33.649 4.828 203539.640
1.018000 80.669 33.642 4.828 203518.107
1.019000 80.670 33.636 4.828 203495.987
1.020000 80.671 33.629 4.828 203367.408
1.021000 80.672 33.622 4.828 203328.137
1.022000 80.673 33.616 4.828 203289.146
1.023000 80.674 33.609 4.828 203220.967
1.024000 80.675 33.603 4.828 203285.461
1.025000 80.676 33.596 4.828 203314.436
1.026000 80.677 33.590 4.828 203184.084
1.027000 80.678 33.583 4.828 203110.566
1.028000 80.679 33.577 4.828 203122.013
1.029000 80.679 33.570 4.828 203177.133
1.030000 80.680 33.564 4.828 203143.405
1.031000 80.681 33.557 4.828 203200.646
1.032000 80.682 33.551 4.828 203418.636
1.033000 80.683 33.544 4.828 203199.096
1.034000 80.684 33.538 4.828 203031.509
1.035000 80.685 33.531 4.828 203167.399
1.036000 80.686 33.525 4.828 202914.772
1.037000 80.687 33.518 4.828 203011.078
1.038000 80.688 33.512 4.828 203249.100
1.039000 80.688 33.505 4.828 203266.961
1.040000 80.689 33.499 4.828 203309.102
1.041000 80.690 33.492 4.828 203360.859
1.042000 80.691 33.486 4.828 203352.820
1.043000 80.692 33.479 4.828 203588.362
1.044000 80.693 33.473 4.828 203762.083
1.045000 80.694 33.466 4.828 203917.391
1.046000 80.695 33.460 4.828 204100.169
1.047000 80.696 33.454 4.828 204193.096
1.048000 80.697 33.447 4.828 204270.348
1.049000 80.697 33.441 4.828 204542.803
1.050000 80.698 33.434 4.828 204526.128
1.051000 80.699 33.428 4.828 204549.690
1.052000 80.700 33.421 4.828 204592.679
1.053000 80.701 33.415 4.828 204653.242
1.054000 80.702 33.409 4.828 204600.673
1.055000 80.703 33.402 4.828 204635.332
1.056000 80.704 33.396 4.828 204589.208
1.057000 80.705 33.389 4.828 204544.227
1.058000 80.706 33.383 4.828 204488.630
1.059000 80.706 33.377 4.828 204329.087
1.060000 80.707 33.370 4.828 204345.311
1.061000 80.708 33.364 4.828 204345.417
1.062000 80.709 33.357 4.828 204289.002
1.063000 80.710 33.351 4.828 204238.328
1.064000 80.711 33.345 4.828 204150.760
1.065000 80.712 33.338 4.828 204141.764
1.066000 80.713 33.332 4.828 204125.558
1.067000 80.714 33.326 4.828 204194.650
1.068000 80.714 33.319 4.828 204316.658
1.069000 80.715 33.313 4.828 204122.634
1.070000 80.716 33.307 4.828 204097.119
1.071000 80.717 33.300 4.828 204260.249
1.072000 80.718 33.294 4.828 204241.257
1.073000 80.719 33.288 4.828 204104.520
1.074000 80.720 33.281 4.828 204162.933
1.075000 80.721 33.275 4.828 203882.394
1.076000 80.721 33.269 4.828 203914.227
1.077000 80.722 33.262 4.828 203851.899
1.078000 80.723 33.256 4.828 203717.499
1.079000 80.724 33.250 4.828 203554.766
1.080000 80.725 33.243 4.828 203659.145
1.081000 80.726 33.237 4.828 203660.731
1.082000 80.727 33.231 4.828 203721.273
1.083000 80.728 33.224 4.828 203643.015
1.084000 80.728 33.218 4.828 203812.647
1.085000 80.729 33.212 4.828 204097.181
1.086000 80.730 33.206 4.828 204151.993
1.087000 80.731 33.199 4.828 204233.356
1.088000 80.732 33.193 4.828 204335.107
1.089000 80.733 33.187 4.828 204519.881
1.090000 80.734 33.180 4.828 204868.932
1.091000 80.734 33.174 4.828 204998.877
1.092000 80.735 33.168 4.828 205258.762
1.093000 80.736 33.162 4.828 205553.981
1.094000 80.737 33.155 4.828 205735.855
1.095000 80.738 33.149 4.828 205782.066
1.096000 80.739 33.143 4.828 205782.275
1.097000 80.740 33.137 4.828 205818.726
1.098000 80.741 33.130 4.828 205804.797
1.099000 80.741 33.124 4.828 205337.494
1.100000 80.742 33.118 4.828 205283.078
1.101000 80.743 33.112 4.828 205281.088
1.102000 80.744 33.106 4.828 205323.213
1.103000 80.745 33.099 4.828 205456.649
1.104000 80.746 33.093 4.828 205465.817
1.105000 80.747 33.087 4.828 205448.083
1.106000 80.747 33.081 4.828 205497.557
1.107000 80.748 33.074 4.828 205377.318
1.108000 80.749 33.068 4.828 205409.672
1.109000 80.750 33.062 4.828 205382.030
1.110000 80.751 33.056 4.828 205348.049
1.111000 80.752 33.050 4.828 205319.300
1.112000 80.752 33.044 4.828 205293.237
1.113000 80.753 33.037 4.828 205398.260
1.114000 80.754 33.031 4.828 205586.553
1.115000 80.755 33.025 4.828 205596.305
1.116000 80.756 33.019 4.828 205594.477
1.117000 80.757 33.013 4.828 205590.681
1.118000 80.758 33.006 4.828 205554.962
1.119000 80.758 33.000 4.828 205495.252
1.120000 80.759 32.994 4.828 205544.833
1.121000 80.760 32.988 4.828 205399.343
1.122000 80.761 32.982 4.828 205094.781
1.123000 80.762 32.976 4.828 204982.559
1.124000 80.763 32.970 4.828 204865.078
1.125000 80.763 32.963 4.828 204661.751
1.126000 80.764 32.957 4.828 204745.110
1.127000 80.765 32.951 4.828 204862.237
1.128000 80.766 32.945 4.828 204838.363
1.129000 80.767 32.939 4.828 205082.425
1.130000 80.768 32.933 4.828 205169.921
1.131000 80.768 32.927 4.828 205471.277
1.132000 80.769 32.921 4.828 205494.800
1.133000 80.770 32.914 4.828 205554.878
1.134000 80.771 32.908 4.828 205715.572
1.135000 80.772 32.902 4.828 205779.085
1.136000 80.773 32.896 4.828 205840.446
1.137000 80.773 32.890 4.828 205910.647
1.138000 80.774 32.884 4.828 205940.772
1.139000 80.775 32.878 4.828 205999.365
1.140000 80.776 32.872 4.828 206062.231
1.141000 80.777 32.866 4.828 205975.366
1.142000 80.778 32.860 4.828 206048.373
1.143000 80.778 32.853 4.828 206165.404
1.144000 80.779 32.847 4.828 206307.159
1.145000 80.780 32.841 4.828 206267.384
1.146000 80.781 32.835 4.828 206394.421
1.147000 80.782 32.829 4.828 206430.146
1.148000 80.783 32.823 4.828 206384.247
1.149000 80.783 32.817 4.828 206596.840
1.150000 80.784 32.811 4.828 206571.627
1.151000 80.785 32.805 4.828 206593.551
1.152000 80.786 32.799 4.828 206864.547
1.153000 80.787 32.793 4.828 206753.230
1.154000 80.787 32.787 4.828 206673.200
1.155000 80.788 32.781 4.828 206782.649
1.156000 80.789 32.775 4.828 206936.591
1.157000 80.790 32.769 4.828 206824.334
1.158000 80.791 32.763 4.828 206730.028
1.159000 80.792 32.757 4.828 206778.477
1.160000 80.792 32.751 4.828 206966.228
1.161000 80.793 32.745 4.828 207004.860
1.162000 80.794 32.739 4.828 206878.797
1.163000 80.795 32.733 4.828 206772.167
1.164000 80.796 32.727 4.828 206779.742
1.165000 80.796 32.721 4.828 206643.973
1.166000 80.797 32.715 4.828 206701.031
1.167000 80.798 32.709 4.828 206825.826
1.168000 80.799 32.703 4.828 206891.768
1.169000 80.800 32.697 4.828 207015.042
1.170000 80.800 32.691 4.828 206945.329
1.171000 80.801 32.685 4.828 206847.835
1.172000 80.802 32.679 4.828 206611.462
1.173000 80.803 32.673 4.828 206477.305
1.174000 80.804 32.667 4.828 206467.886
1.175000 80.804 32.661 4.828 206436.588
1.176000 80.805 32.655 4.828 206453.586
1.177000 80.806 32.649 4.828 206637.775
1.178000 80.807 32.643 4.828 206791.835
1.179000 80.808 32.637 4.828 206733.387
1.180000 80.808 32.631 4.828 206684.442
1.181000 80.809 32.625 4.828 206719.639
1.182000 80.810 32.619 4.828 206883.271
1.183000 80.811 32.613 4.828 207053.149
1.184000 80.812 32.607 4.828 207074.683
1.185000 80.812 32.601 4.828 207193.371
1.186000 80.813 32.595 4.828 207230.470
1.187000 80.814 32.589 4.828 207377.173
1.188000 80.815 32.583 4.828 207499.830
1.189000 80.816 32.577 4.828 207625.652
1.190000 80.816 32.571 4.828 207774.761
1.191000 80.817 32.565 4.828 207875.757
1.192000 80.818 32.559 4.828 207833.141
1.193000 80.819 32.553 4.828 207835.590
1.194000 80.820 32.548 4.828 207781.032
1.195000 80.820 32.542 4.828 207802.598
1.196000 80.821 32.536 4.828 207803.598
1.197000 80.822 32.530 4.828 207717.546
1.198000 80.823 32.524 4.828 207771.914
1.199000 80.823 32.518 4.828 207857.762
1.200000 80.824 32.512 4.828 207715.867
1.201000 80.825 32.506 4.828 207645.561
1.202000 80.826 32.500 4.828 207708.642
1.203000 80.827 32.494 4.828 207694.305
1.204000 80.827 32.489 4.828 207660.611
1.205000 80.828 32.483 4.828 207601.375
1.206000 80.829 32.477 4.828 207604.062
1.207000 80.830 32.471 4.828 207569.524
1.208000 80.830 32.465 4.828 207737.470
1.209000 80.831 32.459 4.828 207859.530
1.210000 80.832 32.453 4.828 207798.166
1.211000 80.833 32.447 4.828 208160.980
1.212000 80.834 32.441 4.828 208159.214
1.213000 80.834 32.436 4.828 208207.914
1.214000 80.835 32.430 4.828 208208.798
1.215000 80.836 32.424 4.828 208250.265
1.216000 80.837 32.418 4.828 208229.680
1.217000 80.837 32.412 4.828 208257.916
1.218000 80.838 32.406 4.828 208238.297
1.219000 80.839 32.400 4.828 208290.664
1.220000 80.840 32.395 4.828 208250.939
1.221000 80.840 32.389 4.828 208153.576
1.222000 80.841 32.383 4.828 208184.041
1.223000 80.842 32.377 4.828 208204.571
1.224000 80.843 32.371 4.828 208248.670
1.225000 80.843 32.365 4.828 208508.118
1.226000 80.844 32.360 4.828 208576.682
1.227000 80.845 32.354 4.828 208550.918
1.228000 80.846 32.348 4.828 208522.195
1.229000 80.847 32.342 4.828 208556.912
1.230000 80.847 32.336 4.828 208510.391
1.231000 80.848 32.330 4.828 208546.339
1.232000 80.849 32.325 4.828 208454.240
1.233000 80.850 32.319 4.828 208316.720
1.234000 80.850 32.313 4.828 208463.804
1.235000 80.851 32.307 4.828 208679.381
1.236000 80.852 32.301 4.828 208906.695
1.237000 80.853 32.296 4.828 208944.213
1.238000 80.853 32.290 4.828 208890.222
1.239000 80.854 32.284 4.828 208871.479
1.240000 80.855 32.278 4.828 208997.819
1.241000 80.856 32.272 4.828 209210.023
1.242000 80.856 32.267 4.828 209264.802
1.243000 80.857 32.261 4.828 209364.439
1.244000 80.858 32.255 4.828 209523.350
1.245000 80.859 32.249 4.828 209518.801
1.246000 80.859 32.244 4.828 209536.582
1.247000 80.860 32.238 4.828 209570.554
1.248000 80.861 32.232 4.828 209458.739
1.249000 80.862 32.226 4.828 209408.224
1.250000 80.862 32.220 4.828 209356.343
1.251000 80.863 32.215 4.828 209225.914
1.252000 80.864 32.209 4.828 209335.604
1.253000 80.864 32.203 4.828 209314.986
1.254000 80.865 32.197 4.828 209397.085
1.255000 80.866 32.192 4.828 209463.755
1.256000 80.867 32.186 4.828 209517.198
1.257000 80.867 32.180 4.828 209582.065
1.258000 80.868 32.174 4.828 209562.693
1.259000 80.869 32.169 4.828 209579.036
1.260000 80.870 32.163 4.828 209586.254
1.261000 80.870 32.157 4.828 209628.388
1.262000 80.871 32.151 4.828 209655.396
1.263000 80.872 32.146 4.828 209524.143
1.264000 80.873 32.140 4.828 209599.076
1.265000 80.873 32.134 4.828 209652.821
1.266000 80.874 32.129 4.828 209644.399
1.267000 80.875 32.123 4.828 209642.327
1.268000 80.875 32.117 4.828 209615.549
1.269000 80.876 32.111 4.828 209623.749
1.270000 80.877 32.106 4.828 209606.874
1.271000 80.878 32.100 4.828 209611.135
1.272000 80.878 32.094 4.828 209678.533
1.273000 80.879 32.089 4.828 209589.972
1.274000 80.880 32.083 4.828 209684.751
1.275000 80.880 32.077 4.828 209625.405
1.276000 80.881 32.071 4.828 209705.509
1.277000 80.882 32.066 4.828 209545.059
1.278000 80.883 32.060 4.828 209653.259
1.279000 80.883 32.054 4.828 209547.495
1.280000 80.884 32.049 4.828 209512.235
1.281000 80.885 32.043 4.828 209493.572
1.282000 80.885 32.037 4.828 209400.777
1.283000 80.886 32.032 4.828 209566.019
1.284000 80.887 32.026 4.828 209680.594
1.285000 80.888 32.020 4.828 209883.868
1.286000 80.888 32.014 4.828 210131.807
1.287000 80.889 32.009 4.828 210292.492
1.288000 80.890 32.003 4.828 210415.673
1.289000 80.890 31.997 4.828 210618.199
1.290000 80.891 31.992 4.828 210875.860
1.291000 80.892 31.986 4.828 211085.371
1.292000 80.893 31.980 4.828 211102.909
1.293000 80.893 31.975 4.828 211151.399
1.294000 80.894 31.969 4.828 211337.167
1.295000 80.895 31.963 4.828 211337.429
1.296000 80.895 31.958 4.828 211406.088
1.297000 80.896 31.952 4.828 211345.430
1.298000 80.897 31.947 4.828 211445.797
1.299000 80.897 31.941 4.828 211252.211
1.300000 80.898 31.935 4.828 211265.203
1.301000 80.899 31.930 4.828 211131.281
1.302000 80.900 31.924 4.828 210898.974
1.303000 80.900 31.918 4.828 210842.493
1.304000 80.901 31.913 4.828 210880.783
1.305000 80.902 31.907 4.828 211016.560
1.306000 80.902 31.901 4.828 211069.286
1.307000 80.903 31.896 4.828 211226.606
1.308000 80.904 31.890 4.828 211398.564
1.309000 80.904 31.885 4.828 211495.409
1.310000 80.905 31.879 4.828 211448.781
1.311000 80.906 31.873 4.828 211485.950
1.312000 80.906 31.868 4.828 211415.843
1.313000 80.907 31.862 4.828 211417.316
1.314000 80.908 31.856 4.828 211415.966
1.315000 80.909 31.851 4.828 211306.618
1.316000 80.909 31.845 4.828 211309.467
1.317000 80.910 31.840 4.828 211312.459
1.318000 80.911 31.834 4.828 211283.645
1.319000 80.911 31.828 4.828 211225.388
1.320000 80.912 31.823 4.828 211100.222
1.321000 80.913 31.817 4.828 211254.071
1.322000 80.913 31.812 4.828 211454.996
1.323000 80.914 31.806 4.828 211534.607
1.324000 80.915 31.800 4.828 211682.181
1.325000 80.915 31.795 4.828 211615.328
1.326000 80.916 31.789 4.828 211580.316
1.327000 80.917 31.784 4.828 211537.064
1.328000 80.917 31.778 4.828 211543.312
1.329000 80.918 31.773 4.828 211528.750
1.330000 80.919 31.767 4.828 211417.463
1.331000 80.919 31.761 4.828 211429.404
1.332000 80.920 31.756 4.828 211392.592
1.333000 80.921 31.750 4.828 211372.651
1.334000 80.921 31.745 4.828 211489.155
1.335000 80.922 31.739 4.828 211590.818
1.336000 80.923 31.734 4.828 211480.030
1.337000 80.923 31.728 4.828 211538.707
1.338000 80.924 31.722 4.828 211639.997
1.339000 80.925 31.717 4.828 211818.694
1.340000 80.925 31.711 4.828 211813.409
1.341000 80.926 31.706 4.828 211811.475
1.342000 80.927 31.700 4.828 211915.959
1.343000 80.927 31.695 4.828 212051.309
1.344000 80.928 31.689 4.828 212125.249
1.345000 80.929 31.684 4.828 212366.966
1.346000 80.929 31.678 4.828 212631.874
1.347000 80.930 31.673 4.828 212692.373
1.348000 80.931 31.667 4.828 212625.184
1.349000 80.931 31.661 4.828 212514.398
1.350000 80.932 31.656 4.828 212406.063
1.351000 80.933 31.650 4.828 212425.752
1.352000 80.933 31.645 4.828 212324.549
1.353000 80.934 31.639 4.828 212262.209
1.354000 80.935 31.634 4.828 212273.486
1.355000 80.935 31.628 4.828 212305.302
1.356000 80.936 31.623 4.828 212154.526
1.357000 80.937 31.617 4.828 212221.553
1.358000 80.937 31.612 4.828 212200.965
1.359000 80.938 31.606 4.828 212290.604
1.360000 80.939 31.601 4.828 212602.824
1.361000 80.939 31.595 4.828 212893.898
1.362000 80.940 31.590 4.828 212846.634
1.363000 80.940 31.584 4.828 213054.826
1.364000 80.941 31.579 4.828 213232.689
1.365000 80.942 31.573 4.828 213524.031
1.366000 80.942 31.568 4.828 213754.296
1.367000 80.943 31.562 4.828 213946.233
1.368000 80.944 31.557 4.828 213979.112
1.369000 80.944 31.551 4.828 213863.496
1.370000 80.945 31.546 4.828 213810.711
1.371000 80.946 31.540 4.828 213791.237
1.372000 80.946 31.535 4.828 213736.565
1.373000 80.947 31.529 4.828 213608.237
1.374000 80.948 31.524 4.828 213600.575
1.375000 80.948 31.518 4.828 213594.771
1.376000 80.949 31.513 4.828 213640.171
1.377000 80.949 31.507 4.828 213465.512
1.378000 80.950 31.502 4.828 213312.498
1.379000 80.951 31.496 4.828 213313.657
1.380000 80.951 31.491 4.828 213318.752
1.381000 80.952 31.485 4.828 213308.755
1.382000 80.953 31.480 4.828 213309.875
1.383000 80.953 31.474 4.828 213329.196
1.384000 80.954 31.469 4.828 213407.052
1.385000 80.954 31.463 4.828 213442.733
1.386000 80.955 31.458 4.828 213532.156
1.387000 80.956 31.453 4.828 213622.415
1.388000 80.956 31.447 4.828 213656.788
1.389000 80.957 31.442 4.828 213530.542
1.390000 80.958 31.436 4.828 213719.266
1.391000 80.958 31.431 4.828 213800.269
1.392000 80.959 31.425 4.828 213846.443
1.393000 80.959 31.420 4.828 213904.838
1.394000 80.960 31.414 4.828 214200.433
1.395000 80.961 31.409 4.828 214257.292
1.396000 80.961 31.404 4.828 214220.296
1.397000 80.962 31.398 4.828 214123.117
1.398000 80.963 31.393 4.828 214193.462
1.399000 80.963 31.387 4.828 214226.561
1.400000 80.964 31.382 4.828 214239.547
1.401000 80.964 31.376 4.828 214228.916
1.402000 80.965 31.371 4.828 214228.713
1.403000 80.966 31.365 4.828 214188.554
1.404000 80.966 31.360 4.828 214183.344
1.405000 80.967 31.355 4.828 214226.807
1.406000 80.967 31.349 4.828 214274.493
1.407000 80.968 31.344 4.828 214435.635
1.408000 80.969 31.338 4.828 214412.635
1.409000 80.969 31.333 4.828 214426.451
1.410000 80.970 31.328 4.828 214499.079
1.411000 80.971 31.322 4.828 214636.526
1.412000 80.971 31.317 4.828 214663.628
1.413000 80.972 31.311 4.828 214637.069
1.414000 80.972 31.306 4.828 214562.237
1.415000 80.973 31.300 4.828 214489.977
1.416000 80.974 31.295 4.828 214472.786
1.417000 80.974 31.290 4.828 214579.135
1.418000 80.975 31.284 4.828 214533.014
1.419000 80.975 31.279 4.828 214590.541
1.420000 80.976 31.273 4.828 214681.677
1.421000 80.977 31.268 4.828 214612.131
1.422000 80.977 31.263 4.828 214633.474
1.423000 80.978 31.257 4.828 214569.177
1.424000 80.978 31.252 4.828 214634.380
1.425000 80.979 31.247 4.828 214743.622
1.426000 80.980 31.241 4.828 214782.642
1.427000 80.980 31.236 4.828 214870.085
1.428000 80.981 31.230 4.828 214839.626
1.429000 80.981 31.225 4.828 214825.766
1.430000 80.982 31.220 4.828 214702.168
1.431000 80.982 31.214 4.828 214636.899
1.432000 80.983 31.209 4.828 214526.157
1.433000 80.984 31.203 4.828 214588.250
1.434000 80.984 31.198 4.828 214681.887
1.435000 80.985 31.193 4.828 214757.558
1.436000 80.985 31.187 4.828 214792.000
1.437000 80.986 31.182 4.828 215143.996
1.438000 80.987 31.177 4.828 215264.094
1.439000 80.987 31.171 4.828 215796.018
1.440000 80.988 31.166 4.828 216140.686
1.441000 80.988 31.161 4.828 216692.643
1.442000 80.989 31.155 4.828 216996.262
1.443000 80.989 31.150 4.828 216620.610
1.444000 80.990 31.144 4.828 216303.536
1.445000 80.991 31.139 4.828 216140.568
1.446000 80.991 31.134 4.828 216236.163
1.447000 80.992 31.128 4.828 216332.560
1.448000 80.992 31.123 4.828 216241.440
1.449000 80.993 31.118 4.828 216281.864
1.450000 80.994 31.112 4.828 216451.680
1.451000 80.994 31.107 4.828 216461.174
1.452000 80.995 31.102 4.828 216444.737
1.453000 80.995 31.096 4.828 216370.095
1.454000 80.996 31.091 4.828 216222.907
1.455000 80.996 31.086 4.828 216230.861
1.456000 80.997 31.080 4.828 216144.518
1.457000 80.998 31.075 4.828 216168.999
1.458000 80.998 31.070 4.828 216314.131
1.459000 80.999 31.064 4.828 216511.809
1.460000 80.999 31.059 4.828 216475.950
1.461000 81.000 31.054 4.828 216405.950
1.462000 81.000 31.048 4.828 216346.879
1.463000 81.001 31.043 4.828 216456.128
1.464000 81.001 31.038 4.828 216582.361
1.465000 81.002 31.032 4.828 216527.282
1.466000 81.003 31.027 4.828 216540.341
1.467000 81.003 31.022 4.828 216372.661
1.468000 81.004 31.016 4.828 216379.679
1.469000 81.004 31.011 4.828 216561.925
1.470000 81.005 31.006 4.828 216488.364
1.471000 81.005 31.001 4.828 216499.092
1.472000 81.006 30.995 4.828 216528.247
1.473000 81.007 30.990 4.828 216638.817
1.474000 81.007 30.985 4.828 216634.752
1.475000 81.008 30.979 4.828 216594.314
1.476000 81.008 30.974 4.828 216726.067
1.477000 81.009 30.969 4.828 216774.085
1.478000 81.009 30.963 4.828 217022.907
1.479000 81.010 30.958 4.828 217069.881
1.480000 81.010 30.953 4.828 216837.887
1.481000 81.011 30.948 4.828 216834.063
1.482000 81.011 30.942 4.828 216953.424
1.483000 81.012 30.937 4.828 216980.606
1.484000 81.013 30.932 4.828 216943.920
1.485000 81.013 30.926 4.828 216845.769
1.486000 81.014 30.921 4.828 216734.313
1.487000 81.014 30.916 4.828 216740.830
1.488000 81.015 30.911 4.828 216747.257
1.489000 81.015 30.905 4.828 216666.674
1.490000 81.016 30.900 4.828 216709.941
1.491000 81.016 30.895 4.828 216787.634
1.492000 81.017 30.889 4.828 217342.258
1.493000 81.017 30.884 4.828 217066.097
1.494000 81.018 30.879 4.828 217221.494
1.495000 81.019 30.874 4.828 217258.835
1.496000 81.019 30.868 4.828 217197.963
1.497000 81.020 30.863 4.828 217083.518
1.498000 81.020 30.858 4.828 217079.050
1.499000 81.021 30.853 4.828 217460.208
1.500000 81.021 30.847 4.828 217554.444
1.501000 81.022 30.842 4.828 217521.544
1.502000 81.022 30.837 4.828 217652.237
1.503000 81.023 30.832 4.828 217782.394
1.504000 81.023 30.826 4.828 218049.492
1.505000 81.024 30.821 4.828 218030.039
1.506000 81.024 30.816 4.828 217975.667
1.507000 81.025 30.811 4.828 218013.347
1.508000 81.025 30.805 4.828 217929.633
1.509000 81.026 30.800 4.828 217833.902
1.510000 81.027 30.795 4.828 217875.454
1.511000 81.027 30.790 4.828 217578.202
1.512000 81.028 30.784 4.828 217794.669
1.513000 81.028 30.779 4.828 218251.015
1.514000 81.029 30.774 4.828 217934.802
1.515000 81.029 30.769 4.828 217867.271
1.516000 81.030 30.763 4.828 217866.337
1.517000 81.030 30.758 4.828 218081.951
1.518000 81.031 30.753 4.828 217916.135
1.519000 81.031 30.748 4.828 217744.698
1.520000 81.032 30.742 4.828 219568.090
1.521000 81.032 30.737 4.828 219933.227
1.522000 81.033 30.732 4.828 219664.966
1.523000 81.033 30.727 4.828 219303.101
1.524000 81.034 30.721 4.828 219084.155
1.525000 81.034 30.716 4.828 218751.995
1.526000 81.035 30.711 4.828 218568.917
1.527000 81.035 30.706 4.828 218496.239
1.528000 81.036 30.701 4.828 218617.041
1.529000 81.036 30.695 4.828 218552.983
1.530000 81.037 30.690 4.828 218478.257
1.531000 81.037 30.685 4.828 218499.415
1.532000 81.038 30.680 4.828 218993.306
1.533000 81.038 30.675 4.828 219048.443
1.534000 81.039 30.669 4.828 218797.688
1.535000 81.039 30.664 4.828 218674.281
1.536000 81.040 30.659 4.828 218728.128
1.537000 81.040 30.654 4.828 218821.366
1.538000 81.041 30.649 4.828 218950.426
1.539000 81.041 30.643 4.828 218925.766
1.540000 81.042 30.638 4.828 218879.089
1.541000 81.042 30.633 4.828 218861.818
1.542000 81.043 30.628 4.828 218926.381
1.543000 81.043 30.623 4.828 218988.384
1.544000 81.044 30.617 4.828 218999.488
1.545000 81.044 30.612 4.828 218994.598
1.546000 81.045 30.607 4.828 219065.599
1.547000 81.045 30.602 4.828 219243.809
1.548000 81.046 30.597 4.828 219432.825
1.549000 81.046 30.591 4.828 219551.616
1.550000 81.047 30.586 4.828 219600.535
1.551000 81.047 30.581 4.828 219611.899
1.552000 81.048 30.576 4.828 219497.044
1.553000 81.048 30.571 4.828 219782.763
1.554000 81.049 30.565 4.828 219946.672
1.555000 81.049 30.560 4.828 220049.102
1.556000 81.050 30.555 4.828 220031.006
1.557000 81.050 30.550 4.828 220040.325
1.558000 81.051 30.545 4.828 220023.422
1.559000 81.051 30.540 4.828 219998.280
1.560000 81.052 30.534 4.828 219965.746
1.561000 81.052 30.529 4.828 219937.418
1.562000 81.053 30.524 4.828 219768.144
1.563000 81.053 30.519 4.828 219596.367
1.564000 81.054 30.514 4.828 219414.239
1.565000 81.054 30.509 4.828 219392.781
1.566000 81.055 30.503 4.828 219719.569
1.567000 81.055 30.498 4.828 219913.656
1.568000 81.056 30.493 4.828 219853.346
1.569000 81.056 30.488 4.828 219838.795
1.570000 81.057 30.483 4.828 220200.549
1.571000 81.057 30.478 4.828 220392.882
1.572000 81.058 30.473 4.828 220363.540
1.573000 81.058 30.467 4.828 220271.936
1.574000 81.059 30.462 4.828 220099.437
1.575000 81.059 30.457 4.828 219883.368
1.576000 81.060 30.452 4.828 219997.906
1.577000 81.060 30.447 4.828 220074.358
1.578000 81.060 30.442 4.828 220041.304
1.579000 81.061 30.436 4.828 220055.761
1.580000 81.061 30.431 4.828 220101.675
1.581000 81.062 30.426 4.828 219983.455
1.582000 81.062 30.421 4.828 219864.236
1.583000 81.063 30.416 4.828 219740.851
1.584000 81.063 30.411 4.828 219638.714
1.585000 81.064 30.406 4.828 219569.834
1.586000 81.064 30.401 4.828 219919.238
1.587000 81.065 30.395 4.828 220114.375
1.588000 81.065 30.390 4.828 220270.508
1.589000 81.066 30.385 4.828 220316.432
1.590000 81.066 30.380 4.828 220321.708
1.591000 81.067 30.375 4.828 220475.205
1.592000 81.067 30.370 4.828 220751.275
1.593000 81.067 30.365 4.828 220846.186
1.594000 81.068 30.360 4.828 220629.199
1.595000 81.068 30.354 4.828 220535.851
1.596000 81.069 30.349 4.828 220499.111
1.597000 81.069 30.344 4.828 220464.118
1.598000 81.070 30.339 4.828 220538.495
1.599000 81.070 30.334 4.828 220533.536
1.600000 81.071 30.329 4.828 220596.545
1.601000 81.071 30.324 4.828 220667.626
1.602000 81.072 30.319 4.828 220988.704
1.603000 81.072 30.313 4.828 221637.373
1.604000 81.073 30.308 4.828 221971.606
1.605000 81.073 30.303 4.828 222089.095
1.606000 81.073 30.298 4.828 222137.685
1.607000 81.074 30.293 4.828 222251.689
1.608000 81.074 30.288 4.828 222245.144
1.609000 81.075 30.283 4.828 222229.507
1.610000 81.075 30.278 4.828 222253.467
1.611000 81.076 30.273 4.828 222182.649
1.612000 81.076 30.268 4.828 222179.176
1.613000 81.077 30.262 4.828 222202.862
1.614000 81.077 30.257 4.828 222063.835
1.615000 81.077 30.252 4.828 222047.344
1.616000 81.078 30.247 4.828 221947.861
1.617000 81.078 30.242 4.828 221782.433
1.618000 81.079 30.237 4.828 221657.922
1.619000 81.079 30.232 4.828 221689.667
1.620000 81.080 30.227 4.828 221848.882
1.621000 81.080 30.222 4.828 221967.937
1.622000 81.081 30.217 4.828 221996.237
1.623000 81.081 30.212 4.828 221933.529
1.624000 81.081 30.206 4.828 221945.141
1.625000 81.082 30.201 4.828 221955.674
1.626000 81.082 30.196 4.828 222167.332
1.627000 81.083 30.191 4.828 222339.058
1.628000 81.083 30.186 4.828 222292.445
1.629000 81.084 30.181 4.828 222320.389
1.630000 81.084 30.176 4.828 222368.307
1.631000 81.084 30.171 4.828 222265.746
1.632000 81.085 30.166 4.828 222204.801
1.633000 81.085 30.161 4.828 222207.415
1.634000 81.086 30.156 4.828 222183.353
1.635000 81.086 30.151 4.828 222104.603
1.636000 81.087 30.146 4.828 222124.426
1.637000 81.087 30.141 4.828 222087.630
1.638000 81.087 30.135 4.828 222095.106
1.639000 81.088 30.130 4.828 222068.313
1.640000 81.088 30.125 4.828 222290.139
1.641000 81.089 30.120 4.828 222495.816
1.642000 81.089 30.115 4.828 222644.230
1.643000 81.090 30.110 4.828 222666.919
1.644000 81.090 30.105 4.828 222687.305
1.645000 81.090 30.100 4.828 222680.618
1.646000 81.091 30.095 4.828 222676.493
1.647000 81.091 30.090 4.828 222680.591
1.648000 81.092 30.085 4.828 222605.688
1.649000 81.092 30.080 4.828 222632.292
1.650000 81.092 30.075 4.828 222763.013
1.651000 81.093 30.070 4.828 222721.406
1.652000 81.093 30.065 4.828 222869.609
1.653000 81.094 30.060 4.828 222912.869
1.654000 81.094 30.055 4.828 222558.371
1.655000 81.095 30.050 4.828 222531.073
1.656000 81.095 30.045 4.828 222559.315
1.657000 81.095 30.040 4.828 222556.395
1.658000 81.096 30.035 4.828 222622.503
1.659000 81.096 30.030 4.828 222748.011
1.660000 81.097 30.024 4.828 222643.449
1.661000 81.097 30.019 4.828 222770.315
1.662000 81.097 30.014 4.828 222897.414
1.663000 81.098 30.009 4.828 223087.605
1.664000 81.098 30.004 4.828 223036.456
1.665000 81.099 29.999 4.828 223033.486
1.666000 81.099 29.994 4.828 223048.329
1.667000 81.099 29.989 4.828 223174.003
1.668000 81.100 29.984 4.828 223279.089
1.669000 81.100 29.979 4.828 223317.840
1.670000 81.101 29.974 4.828 223340.261
1.671000 81.101 29.969 4.828 223319.161
1.672000 81.101 29.964 4.828 223434.388
1.673000 81.102 29.959 4.828 223389.741
1.674000 81.102 29.954 4.828 223513.132
1.675000 81.103 29.949 4.828 223417.379
1.676000 81.103 29.944 4.828 223631.341
1.677000 81.103 29.939 4.828 223606.013
1.678000 81.104 29.934 4.828 223613.734
1.679000 81.104 29.929 4.828 223609.037
1.680000 81.105 29.924 4.828 223512.929
1.681000 81.105 29.919 4.828 223537.285
1.682000 81.105 29.914 4.828 223404.461
1.683000 81.106 29.909 4.828 223420.958
1.684000 81.106 29.904 4.828 223473.504
1.685000 81.107 29.899 4.828 223657.347
1.686000 81.107 29.894 4.828 223624.826
1.687000 81.107 29.889 4.828 223758.327
1.688000 81.108 29.884 4.828 224162.206
1.689000 81.108 29.879 4.828 224671.979
1.690000 81.109 29.874 4.828 224677.925
1.691000 81.109 29.869 4.828 224757.967
1.692000 81.109 29.864 4.828 224751.966
1.693000 81.110 29.859 4.828 224710.961
1.694000 81.110 29.854 4.828 224753.284
1.695000 81.110 29.849 4.828 224716.606
1.696000 81.111 29.844 4.828 224832.174
1.697000 81.111 29.839 4.828 224969.310
1.698000 81.112 29.834 4.828 224880.180
1.699000 81.112 29.829 4.828 224888.709
1.700000 81.112 29.824 4.828 224968.764
1.701000 81.113 29.819 4.828 224959.331
1.702000 81.113 29.814 4.828 225045.299
1.703000 81.114 29.809 4.828 225113.586
1.704000 81.114 29.804 4.828 225086.822
1.705000 81.114 29.799 4.828 225042.545
1.706000 81.115 29.794 4.828 224937.888
1.707000 81.115 29.789 4.828 224963.734
1.708000 81.115 29.784 4.828 224928.743
1.709000 81.116 29.779 4.828 224885.782
1.710000 81.116 29.774 4.828 225048.049
1.711000 81.117 29.769 4.828 224954.584
1.712000 81.117 29.764 4.828 224988.472
1.713000 81.117 29.760 4.828 224904.006
1.714000 81.118 29.755 4.828 225036.346
1.715000 81.118 29.750 4.828 225131.042
1.716000 81.118 29.745 4.828 225294.386
1.717000 81.119 29.740 4.828 225304.063
1.718000 81.119 29.735 4.828 225378.967
1.719000 81.119 29.730 4.828 225499.800
1.720000 81.120 29.725 4.828 225530.914
1.721000 81.120 29.720 4.828 225589.516
1.722000 81.121 29.715 4.828 225600.157
1.723000 81.121 29.710 4.828 225562.875
1.724000 81.121 29.705 4.828 225441.182
1.725000 81.122 29.700 4.828 225387.504
1.726000 81.122 29.695 4.828 225278.138
1.727000 81.122 29.690 4.828 225304.284
1.728000 81.123 29.685 4.828 225255.618
1.729000 81.123 29.680 4.828 225354.410
1.730000 81.123 29.675 4.828 225418.069
1.731000 81.124 29.670 4.828 225451.183
1.732000 81.124 29.665 4.828 225438.015
1.733000 81.124 29.660 4.828 225562.961
1.734000 81.125 29.655 4.828 225837.583
1.735000 81.125 29.651 4.828 225815.725
1.736000 81.126 29.646 4.828 225700.166
1.737000 81.126 29.641 4.828 225911.038
1.738000 81.126 29.636 4.828 225814.314
1.739000 81.127 29.631 4.828 226023.433
1.740000 81.127 29.626 4.828 225886.493
1.741000 81.127 29.621 4.828 226028.444
1.742000 81.128 29.616 4.828 226058.773
1.743000 81.128 29.611 4.828 226060.495
1.744000 81.128 29.606 4.828 226059.260
1.745000 81.129 29.601 4.828 226033.301
1.746000 81.129 29.596 4.828 226062.749
1.747000 81.129 29.591 4.828 226055.761
1.748000 81.130 29.586 4.828 226047.631
1.749000 81.130 29.581 4.828 226049.001
1.750000 81.130 29.577 4.828 226109.978
1.751000 81.131 29.572 4.828 226026.964
1.752000 81.131 29.567 4.828 226040.283
1.753000 81.131 29.562 4.828 226110.307
1.754000 81.132 29.557 4.828 226158.837
1.755000 81.132 29.552 4.828 226234.588
1.756000 81.132 29.547 4.828 226271.326
1.757000 81.133 29.542 4.828 226494.353
1.758000 81.133 29.537 4.828 226439.661
1.759000 81.133 29.532 4.828 226604.278
1.760000 81.134 29.527 4.828 226523.570
1.761000 81.134 29.522 4.828 226499.711
1.762000 81.134 29.518 4.828 226663.666
1.763000 81.135 29.513 4.828 226595.951
1.764000 81.135 29.508 4.828 226484.156
1.765000 81.135 29.503 4.828 226605.116
1.766000 81.136 29.498 4.828 226544.723
1.767000 81.136 29.493 4.828 226377.778
1.768000 81.136 29.488 4.828 226427.433
1.769000 81.137 29.483 4.828 226375.240
1.770000 81.137 29.478 4.828 226354.195
1.771000 81.137 29.473 4.828 226358.911
1.772000 81.138 29.469 4.828 226499.960
1.773000 81.138 29.464 4.828 226571.169
1.774000 81.138 29.459 4.828 226819.723
1.775000 81.139 29.454 4.828 227075.807
1.776000 81.139 29.449 4.828 227206.691
1.777000 81.139 29.444 4.828 227419.750
1.778000 81.140 29.439 4.828 227851.814
1.779000 81.140 29.434 4.828 227915.939
1.780000 81.140 29.429 4.828 228043.716
1.781000 81.141 29.424 4.828 227959.058
1.782000 81.141 29.420 4.828 227959.251
1.783000 81.141 29.415 4.828 228085.101
1.784000 81.142 29.410 4.828 228053.081
1.785000 81.142 29.405 4.828 228023.749
1.786000 81.142 29.400 4.828 228151.707
1.787000 81.143 29.395 4.828 228017.068
1.788000 81.143 29.390 4.828 228016.691
1.789000 81.143 29.385 4.828 227978.269
1.790000 81.143 29.381 4.828 227993.459
1.791000 81.144 29.376 4.828 228084.214
1.792000 81.144 29.371 4.828 227981.640
1.793000 81.144 29.366 4.828 228113.782
1.794000 81.145 29.361 4.828 228183.408
1.795000 81.145 29.356 4.828 228237.616
1.796000 81.145 29.351 4.828 228302.254
1.797000 81.146 29.346 4.828 228483.606
1.798000 81.146 29.342 4.828 228514.656
1.799000 81.146 29.337 4.828 228478.858
1.800000 81.147 29.332 4.828 228584.577
1.801000 81.147 29.327 4.828 228480.773
1.802000 81.147 29.322 4.828 228498.890
1.803000 81.147 29.317 4.828 228519.346
1.804000 81.148 29.312 4.828 228522.480
1.805000 81.148 29.308 4.828 228508.506
1.806000 81.148 29.303 4.828 228574.270
1.807000 81.149 29.298 4.828 228576.074
1.808000 81.149 29.293 4.828 228425.729
1.809000 81.149 29.288 4.828 228467.266
1.810000 81.150 29.283 4.828 228548.689
1.811000 81.150 29.278 4.828 228567.378
1.812000 81.150 29.274 4.828 228541.161
1.813000 81.150 29.269 4.828 228483.592
1.814000 81.151 29.264 4.828 228505.934
1.815000 81.151 29.259 4.828 228457.194
1.816000 81.151 29.254 4.828 228467.724
1.817000 81.152 29.249 4.828 228570.700
1.818000 81.152 29.244 4.828 228640.590
1.819000 81.152 29.240 4.828 228696.200
1.820000 81.153 29.235 4.828 228759.310
1.821000 81.153 29.230 4.828 228898.449
1.822000 81.153 29.225 4.828 229145.039
1.823000 81.153 29.220 4.828 229151.989
1.824000 81.154 29.215 4.828 229179.526
1.825000 81.154 29.211 4.828 229271.232
1.826000 81.154 29.206 4.828 229102.289
1.827000 81.155 29.201 4.828 229014.723
1.828000 81.155 29.196 4.828 229054.839
1.829000 81.155 29.191 4.828 229225.815
1.830000 81.155 29.186 4.828 229136.522
1.831000 81.156 29.181 4.828 229092.068
1.832000 81.156 29.177 4.828 229141.479
1.833000 81.156 29.172 4.828 229127.206
1.834000 81.157 29.167 4.828 229168.957
1.835000 81.157 29.162 4.828 229266.740
1.836000 81.157 29.157 4.828 229332.326
1.837000 81.157 29.153 4.828 229441.178
1.838000 81.158 29.148 4.828 229500.052
1.839000 81.158 29.143 4.828 229466.125
1.840000 81.158 29.138 4.828 229437.586
1.841000 81.158 29.133 4.828 229409.119
1.842000 81.159 29.128 4.828 229306.231
1.843000 81.159 29.124 4.828 229316.012
1.844000 81.159 29.119 4.828 229280.728
1.845000 81.160 29.114 4.828 229426.680
1.846000 81.160 29.109 4.828 229452.756
1.847000 81.160 29.104 4.828 229481.118
1.848000 81.160 29.099 4.828 229727.937
1.849000 81.161 29.095 4.828 229556.467
1.850000 81.161 29.090 4.828 229488.617
1.851000 81.161 29.085 4.828 229623.859
1.852000 81.161 29.080 4.828 229852.631
1.853000 81.162 29.075 4.828 229931.687
1.854000 81.162 29.071 4.828 229899.363
1.855000 81.162 29.066 4.828 229904.554
1.856000 81.163 29.061 4.828 230086.339
1.857000 81.163 29.056 4.828 229990.239
1.858000 81.163 29.051 4.828 230043.250
1.859000 81.163 29.047 4.828 229958.280
1.860000 81.164 29.042 4.828 229942.178
1.861000 81.164 29.037 4.828 230042.943
1.862000 81.164 29.032 4.828 230079.667
1.863000 81.164 29.027 4.828 229885.078
1.864000 81.165 29.023 4.828 229896.251
1.865000 81.165 29.018 4.828 230118.159
1.866000 81.165 29.013 4.828 230241.073
1.867000 81.165 29.008 4.828 230282.050
1.868000 81.166 29.003 4.828 230376.967
1.869000 81.166 28.999 4.828 230743.595
1.870000 81.166 28.994 4.828 230763.020
1.871000 81.166 28.989 4.828 230988.936
1.872000 81.167 28.984 4.828 230993.841
1.873000 81.167 28.979 4.828 231123.663
1.874000 81.167 28.975 4.828 230795.781
1.875000 81.167 28.970 4.828 230801.446
1.876000 81.168 28.965 4.828 230881.356
1.877000 81.168 28.960 4.828 230924.950
1.878000 81.168 28.955 4.828 231157.741
1.879000 81.168 28.951 4.828 231083.878
1.880000 81.169 28.946 4.828 231282.885
1.881000 81.169 28.941 4.828 231361.622
1.882000 81.169 28.936 4.828 231502.547
1.883000 81.169 28.932 4.828 231530.854
1.884000 81.170 28.927 4.828 231549.806
1.885000 81.170 28.922 4.828 231601.841
1.886000 81.170 28.917 4.828 231632.369
1.887000 81.170 28.912 4.828 231726.233
1.888000 81.171 28.908 4.828 231755.991
1.889000 81.171 28.903 4.828 231863.882
1.890000 81.171 28.898 4.828 231816.273
1.891000 81.171 28.893 4.828 231894.338
1.892000 81.172 28.889 4.828 232095.638
1.893000 81.172 28.884 4.828 232052.032
1.894000 81.172 28.879 4.828 232011.516
1.895000 81.172 28.874 4.828 231854.312
1.896000 81.173 28.870 4.828 231892.044
1.897000 81.173 28.865 4.828 231810.923
1.898000 81.173 28.860 4.828 231781.921
1.899000 81.173 28.855 4.828 231836.336
1.900000 81.174 28.850 4.828 231745.595
1.901000 81.174 28.846 4.828 231742.963
1.902000 81.174 28.841 4.828 231788.134
1.903000 81.174 28.836 4.828 231813.122
1.904000 81.174 28.831 4.828 231780.065
1.905000 81.175 28.827 4.828 231900.352
1.906000 81.175 28.822 4.828 232001.849
1.907000 81.175 28.817 4.828 232026.218
1.908000 81.175 28.812 4.828 232053.379
1.909000 81.176 28.808 4.828 232041.486
1.910000 81.176 28.803 4.828 232131.057
1.911000 81.176 28.798 4.828 232196.366
1.912000 81.176 28.793 4.828 232143.239
1.913000 81.176 28.789 4.828 232286.547
1.914000 81.177 28.784 4.828 232274.442
1.915000 81.177 28.779 4.828 232300.868
1.916000 81.177 28.774 4.828 232371.577
1.917000 81.177 28.770 4.828 232352.676
1.918000 81.178 28.765 4.828 232721.821
1.919000 81.178 28.760 4.828 232642.900
1.920000 81.178 28.755 4.828 232608.123
1.921000 81.178 28.751 4.828 232673.000
1.922000 81.178 28.746 4.828 232820.063
1.923000 81.179 28.741 4.828 232659.884
1.924000 81.179 28.736 4.828 232501.350
1.925000 81.179 28.732 4.828 232522.414
1.926000 81.179 28.727 4.828 232560.074
1.927000 81.180 28.722 4.828 232591.955
1.928000 81.180 28.718 4.828 232626.214
1.929000 81.180 28.713 4.828 232694.370
1.930000 81.180 28.708 4.828 232683.982
1.931000 81.180 28.703 4.828 232741.558
1.932000 81.181 28.699 4.828 232820.629
1.933000 81.181 28.694 4.828 232787.617
1.934000 81.181 28.689 4.828 232663.492
1.935000 81.181 28.684 4.828 232636.258
1.936000 81.181 28.680 4.828 232835.586
1.937000 81.182 28.675 4.828 232831.979
1.938000 81.182 28.670 4.828 232958.227
1.939000 81.182 28.666 4.828 233038.338
1.940000 81.182 28.661 4.828 233122.564
1.941000 81.183 28.656 4.828 233443.050
1.942000 81.183 28.651 4.828 233406.531
1.943000 81.183 28.647 4.828 233342.536
1.944000 81.183 28.642 4.828 233253.901
1.945000 81.183 28.637 4.828 233247.707
1.946000 81.184 28.632 4.828 233450.614
1.947000 81.184 28.628 4.828 233384.670
1.948000 81.184 28.623 4.828 233297.249
1.949000 81.184 28.618 4.828 233157.565
1.950000 81.184 28.614 4.828 233244.310
1.951000 81.185 28.609 4.828 233337.649
1.952000 81.185 28.604 4.828 233334.253
1.953000 81.185 28.599 4.828 233187.694
1.954000 81.185 28.595 4.828 233196.785
1.955000 81.185 28.590 4.828 233257.964
1.956000 81.186 28.585 4.828 233391.904
1.957000 81.186 28.581 4.828 233584.315
1.958000 81.186 28.576 4.828 233572.687
1.959000 81.186 28.571 4.828 233613.988
1.960000 81.186 28.567 4.828 233532.095
1.961000 81.187 28.562 4.828 233490.898
1.962000 81.187 28.557 4.828 233740.940
1.963000 81.187 28.552 4.828 233737.177
1.964000 81.187 28.548 4.828 233858.461
1.965000 81.187 28.543 4.828 233790.045
1.966000 81.187 28.538 4.828 233945.967
1.967000 81.188 28.534 4.828 234120.624
1.968000 81.188 28.529 4.828 234495.759
1.969000 81.188 28.524 4.828 234528.541
1.970000 81.188 28.520 4.828 234568.318
1.971000 81.188 28.515 4.828 234645.511
1.972000 81.189 28.510 4.828 234496.194
1.973000 81.189 28.505 4.828 234622.214
1.974000 81.189 28.501 4.828 234749.825
1.975000 81.189 28.496 4.828 234676.728
1.976000 81.189 28.491 4.828 234700.509
1.977000 81.190 28.487 4.828 234854.161
1.978000 81.190 28.482 4.828 234856.233
1.979000 81.190 28.477 4.828 234790.996
1.980000 81.190 28.473 4.828 234763.551
1.981000 81.190 28.468 4.828 234881.399
1.982000 81.190 28.463 4.828 235151.746
1.983000 81.191 28.459 4.828 235062.225
1.984000 81.191 28.454 4.828 235104.982
1.985000 81.191 28.449 4.828 235174.302
1.986000 81.191 28.445 4.828 235208.064
1.987000 81.191 28.440 4.828 235282.815
1.988000 81.191 28.435 4.828 235247.323
1.989000 81.192 28.431 4.828 235235.114
1.990000 81.192 28.426 4.828 235158.702
1.991000 81.192 28.421 4.828 235120.360
1.992000 81.192 28.417 4.828 235034.254
1.993000 81.192 28.412 4.828 235224.403
1.994000 81.193 28.407 4.828 235319.090
1.995000 81.193 28.403 4.828 235406.008
1.996000 81.193 28.398 4.828 235206.685
1.997000 81.193 28.393 4.828 235250.498
1.998000 81.193 28.389 4.828 235461.077
1.999000 81.193 28.384 4.828 235585.191
2.000000 81.194 28.379 4.828 235600.194
2.001000 81.194 28.375 4.828 235605.794
2.002000 81.194 28.370 4.828 235549.440
2.003000 81.194 28.365 4.828 235533.347
2.004000 81.194 28.361 4.828 235474.841
2.005000 81.194 28.356 4.828 235501.735
2.006000 81.194 28.351 4.828 235666.913
2.007000 81.195 28.347 4.828 235766.687
2.008000 81.195 28.342 4.828 235966.173
2.009000 81.195 28.337 4.828 235992.759
2.010000 81.195 28.333 4.828 235934.467
