0.001000 78.192 43.273 5.000 101652.738
0.002000 78.355 43.707 5.020 101578.241
0.003000 78.399 43.065 4.980 101545.222
0.004000 78.399 43.065 4.980 101544.209
0.005000 78.399 43.065 4.980 101544.627
0.006000 78.399 43.064 4.980 101544.652
0.007000 78.399 43.064 4.980 101544.268
0.008000 78.398 43.064 4.980 101543.773
0.009000 78.398 43.064 4.980 101543.335
0.010000 78.398 43.064 4.980 101543.009
0.011000 78.397 43.063 4.980 101542.800
0.012000 78.397 43.063 4.980 101542.696
0.013000 78.397 43.062 4.980 101542.674
0.014000 78.396 43.062 4.980 101542.698
0.015000 78.396 43.062 4.980 101542.737
0.016000 78.395 43.061 4.980 101542.774
0.017000 78.395 43.061 4.980 101542.791
0.018000 78.394 43.060 4.980 101542.773
0.019000 78.394 43.060 4.980 101542.718
0.020000 78.393 43.059 4.980 101542.629
0.021000 78.393 43.058 4.980 101542.513
0.022000 78.392 43.058 4.980 101542.383
0.023000 78.391 43.057 4.980 101542.248
0.024000 78.391 43.056 4.980 101542.119
0.025000 78.390 43.056 4.980 101542.004
0.026000 78.389 43.055 4.980 101541.906
0.027000 78.388 43.054 4.980 101541.830
0.028000 78.388 43.053 4.980 101541.778
0.029000 78.387 43.053 4.980 101541.754
0.030000 78.386 43.052 4.980 101541.761
0.031000 78.385 43.051 4.980 101541.800
0.032000 78.384 43.050 4.980 101541.870
0.033000 78.383 43.049 4.980 101541.965
0.034000 78.382 43.048 4.980 101542.087
0.035000 78.381 43.047 4.980 101542.236
0.036000 78.380 43.046 4.980 101542.408
0.037000 78.379 43.045 4.980 101542.602
0.038000 78.378 43.044 4.980 101542.808
0.039000 78.377 43.043 4.980 101543.028
0.040000 78.376 43.041 4.980 101543.263
0.041000 78.375 43.040 4.980 101543.514
0.042000 78.373 43.039 4.980 101543.781
0.043000 78.372 43.038 4.980 101544.059
0.044000 78.371 43.037 4.980 101544.344
0.045000 78.369 43.035 4.980 101544.628
0.046000 78.368 43.034 4.980 101544.909
0.047000 78.367 43.033 4.980 101545.189
0.048000 78.365 43.031 4.980 101545.451
0.049000 78.364 43.030 4.980 101545.679
0.050000 78.363 43.028 4.980 101545.913
0.051000 78.361 43.027 4.980 101546.158
0.052000 78.360 43.025 4.980 101546.415
0.053000 78.358 43.024 4.980 101546.684
0.054000 78.356 43.022 4.980 101546.965
0.055000 78.355 43.021 4.980 101547.255
0.056000 78.353 43.019 4.980 101547.556
0.057000 78.352 43.017 4.980 101547.863
0.058000 78.350 43.016 4.980 101548.170
0.059000 78.348 43.014 4.980 101548.471
0.060000 78.263 43.096 4.805 101548.760
0.061000 78.261 43.094 4.805 101549.035
0.062000 78.259 43.093 4.805 101549.297
0.063000 78.257 43.091 4.805 101549.556
0.064000 78.255 43.089 4.805 101549.827
0.065000 78.253 43.087 4.805 101550.124
0.066000 78.252 43.085 4.805 101550.453
0.067000 78.304 43.029 5.120 101550.782
0.068000 78.302 43.027 5.120 101551.115
0.069000 78.300 43.025 5.120 101551.454
0.070000 78.298 43.023 5.120 101551.796
0.071000 78.296 43.021 5.120 101552.130
0.072000 78.294 43.019 5.120 101552.460
0.073000 78.292 43.017 5.120 101552.796
0.074000 78.290 43.015 5.120 101553.137
0.075000 78.288 43.012 5.120 101553.481
0.076000 78.285 43.010 5.120 101553.822
0.077000 78.283 43.008 5.120 101554.162
0.078000 78.281 43.006 5.120 101554.504
0.079000 78.279 43.003 5.120 101554.848
0.080000 78.276 43.001 5.120 101555.166
0.081000 78.274 42.999 5.120 101555.480
0.082000 78.272 42.996 5.120 101555.809
0.083000 78.269 42.994 5.120 101556.156
0.084000 78.267 42.992 5.120 101556.522
0.085000 78.264 42.989 5.120 101556.909
0.086000 78.262 42.987 5.120 101557.322
0.087000 78.259 42.984 5.120 101557.762
0.088000 78.257 42.982 5.120 101558.224
0.089000 78.254 42.979 5.120 101558.694
0.090000 78.252 42.976 5.120 101559.154
0.091000 78.249 42.974 5.120 101559.595
0.092000 78.246 42.971 5.120 101560.018
0.093000 78.244 42.969 5.120 101560.432
0.094000 78.241 42.966 5.120 101560.848
0.095000 77.940 43.261 5.017 101561.271
0.096000 77.937 43.259 5.017 101561.704
0.097000 77.934 43.256 5.017 101562.190
0.098000 77.932 43.253 5.017 101562.654
0.099000 77.929 43.250 5.017 101563.093
0.100000 77.926 43.247 5.017 101563.516
0.101000 77.923 43.244 5.017 101563.918
0.102000 77.920 43.241 5.017 101564.298
0.103000 77.917 43.238 5.017 101564.659
0.104000 77.914 43.235 5.017 101565.011
0.105000 77.911 43.232 5.017 101565.364
0.106000 77.908 43.229 5.017 101565.728
0.107000 77.905 43.226 5.017 101566.103
0.108000 77.902 43.223 5.017 101566.484
0.109000 77.899 43.220 5.017 101566.857
0.110000 77.895 43.217 5.017 101567.212
0.111000 77.892 43.213 5.017 101567.540
0.112000 77.889 43.210 5.017 101567.839
0.113000 77.886 43.207 5.017 101568.118
0.114000 77.882 43.204 5.017 101568.395
0.115000 77.879 43.200 5.017 101568.687
0.116000 77.876 43.197 5.017 101568.999
0.117000 77.872 43.194 5.017 101569.334
0.118000 77.869 43.190 5.017 101569.687
0.119000 77.865 43.187 5.017 101570.052
0.120000 77.862 43.183 5.017 101570.423
0.121000 77.859 43.180 5.017 101570.791
0.122000 77.855 43.176 5.017 101571.157
0.123000 77.851 43.173 5.017 101571.515
0.124000 77.848 43.169 5.017 101571.861
0.125000 77.844 43.166 5.017 101572.190
0.126000 77.841 43.162 5.017 101572.504
0.127000 77.837 43.158 5.017 101572.810
0.128000 77.833 43.155 5.017 101573.121
0.129000 77.830 43.151 5.017 101573.449
0.130000 77.826 43.147 5.017 101573.801
0.131000 77.822 43.143 5.017 101574.176
0.132000 77.818 43.140 5.017 101574.571
0.133000 77.814 43.136 5.017 101574.979
0.134000 77.810 43.132 5.017 101575.398
0.135000 77.807 43.128 5.017 101575.822
0.136000 77.803 43.124 5.017 101576.253
0.137000 77.799 43.120 5.017 101576.688
0.138000 77.795 43.116 5.017 101577.130
0.139000 77.791 43.112 5.017 101577.587
0.140000 77.787 43.108 5.017 101578.069
0.141000 77.783 43.104 5.017 101578.590
0.142000 77.778 43.100 5.017 101579.140
0.143000 77.774 43.096 5.017 101579.698
0.144000 77.770 43.092 5.017 101580.253
0.145000 77.766 43.087 5.017 101580.801
0.146000 77.762 43.083 5.017 101581.346
0.147000 77.758 43.079 5.017 101581.901
0.148000 77.753 43.075 5.017 101582.477
0.149000 77.749 43.070 5.017 101583.078
0.150000 77.745 43.066 5.017 101583.692
0.151000 77.740 43.062 5.017 101584.293
0.152000 77.736 43.057 5.017 101584.866
0.153000 77.732 43.053 5.017 101585.407
0.154000 77.727 43.048 5.017 101585.931
0.155000 77.723 43.044 5.017 101586.459
0.156000 77.722 43.036 5.054 101587.004
0.157000 77.717 43.031 5.054 101587.566
0.158000 77.713 43.027 5.054 101588.135
0.159000 77.708 43.022 5.054 101588.703
0.160000 77.704 43.017 5.054 101589.268
0.161000 77.699 43.013 5.054 101589.856
0.162000 77.694 43.008 5.054 101590.470
0.163000 77.689 43.003 5.054 101591.109
0.164000 77.685 42.999 5.054 101591.768
0.165000 77.680 42.994 5.054 101592.443
0.166000 77.675 42.989 5.054 101593.133
0.167000 77.670 42.984 5.054 101593.842
0.168000 77.666 42.979 5.054 101594.576
0.169000 77.661 42.975 5.054 101595.334
0.170000 77.656 42.970 5.054 101596.107
0.171000 77.651 42.965 5.054 101596.888
0.172000 77.646 42.960 5.054 101597.675
0.173000 77.641 42.955 5.054 101598.483
0.174000 77.636 42.950 5.054 101599.293
0.175000 77.631 42.945 5.054 101600.091
0.176000 77.626 42.940 5.054 101600.868
0.177000 77.617 42.938 5.017 101601.625
0.178000 77.612 42.933 5.017 101602.366
0.179000 77.607 42.928 5.017 101603.099
0.180000 77.601 42.923 5.017 101603.827
0.181000 77.596 42.917 5.017 101604.553
0.182000 77.591 42.912 5.017 101605.281
0.183000 77.586 42.907 5.017 101606.016
0.184000 77.580 42.902 5.017 101606.762
0.185000 77.575 42.896 5.017 101607.520
0.186000 77.570 42.891 5.017 101608.285
0.187000 77.564 42.886 5.017 101609.043
0.188000 77.559 42.880 5.017 101609.780
0.189000 77.553 42.875 5.017 101610.491
0.190000 77.548 42.869 5.017 101611.185
0.191000 77.542 42.864 5.017 101611.876
0.192000 77.537 42.858 5.017 101612.577
0.193000 77.531 42.853 5.017 101613.287
0.194000 77.526 42.847 5.017 101613.995
0.195000 77.520 42.841 5.017 101614.682
0.196000 77.514 42.836 5.017 101615.335
0.197000 77.509 42.830 5.017 101615.951
0.198000 77.503 42.824 5.017 101616.536
0.199000 77.497 42.819 5.017 101617.105
0.200000 77.491 42.813 5.017 101617.675
0.201000 77.486 42.807 5.017 101618.265
0.202000 77.480 42.801 5.017 101618.880
0.203000 77.474 42.795 5.017 101619.514
0.204000 77.468 42.789 5.017 101620.145
0.205000 77.462 42.783 5.017 101620.754
0.206000 77.456 42.777 5.017 101621.334
0.207000 77.450 42.772 5.017 101621.888
0.208000 77.444 42.766 5.017 101622.425
0.209000 77.438 42.759 5.017 101622.953
0.210000 77.432 42.753 5.017 101623.477
0.211000 77.426 42.747 5.017 101624.002
0.212000 77.420 42.741 5.017 101624.529
0.213000 77.414 42.735 5.017 101625.055
0.214000 77.408 42.729 5.017 101625.581
0.215000 77.401 42.723 5.017 101626.109
0.216000 77.395 42.716 5.017 101626.647
0.217000 77.389 42.710 5.017 101627.198
0.218000 77.383 42.704 5.017 101627.757
0.219000 77.376 42.698 5.017 101628.313
0.220000 77.370 42.691 5.017 101628.851
0.221000 77.363 42.685 5.017 101629.362
0.222000 77.357 42.678 5.017 101629.852
0.223000 77.351 42.672 5.017 101630.334
0.224000 77.344 42.666 5.017 101630.815
0.225000 77.338 42.659 5.017 101631.295
0.226000 77.331 42.653 5.017 101631.773
0.227000 77.325 42.646 5.017 101632.251
0.228000 77.318 42.639 5.017 101632.738
0.229000 77.311 42.633 5.017 101633.249
0.230000 77.305 42.626 5.017 101633.795
0.231000 77.298 42.619 5.017 101634.379
0.232000 77.291 42.613 5.017 101634.990
0.233000 77.285 42.606 5.017 101635.621
0.234000 77.278 42.599 5.017 101636.270
0.235000 77.271 42.592 5.017 101636.944
0.236000 77.264 42.586 5.017 101637.651
0.237000 77.257 42.579 5.017 101638.395
0.238000 77.251 42.572 5.017 101639.170
0.239000 77.244 42.565 5.017 101639.955
0.240000 77.237 42.558 5.017 101640.723
0.241000 77.230 42.551 5.017 101641.446
0.242000 77.223 42.544 5.017 101642.117
0.243000 77.216 42.537 5.017 101642.747
0.244000 77.209 42.530 5.017 101643.357
0.245000 77.202 42.523 5.017 101643.848
0.246000 77.195 42.516 5.017 101639.521
0.247000 77.188 42.509 5.017 101637.817
0.248000 77.181 42.502 5.017 101637.435
0.249000 77.173 42.495 5.017 101637.506
0.250000 77.166 42.488 5.017 101637.669
0.251000 77.159 42.481 5.017 101637.816
0.252000 77.152 42.474 5.017 101637.930
0.253000 77.145 42.467 5.017 101638.026
0.254000 77.138 42.459 5.017 101638.119
0.255000 77.131 42.452 5.017 101638.229
0.256000 77.124 42.445 5.017 101638.371
0.257000 77.117 42.438 5.017 101638.545
0.258000 77.110 42.431 5.017 101638.748
0.259000 77.103 42.424 5.017 101638.965
0.260000 77.096 42.417 5.017 101639.179
0.261000 77.089 42.410 5.017 101639.369
0.262000 77.082 42.403 5.017 101639.512
0.263000 77.074 42.396 5.017 101639.607
0.264000 77.067 42.389 5.017 101639.679
0.265000 77.060 42.382 5.017 101639.772
0.266000 77.053 42.375 5.017 101639.919
0.267000 77.046 42.368 5.017 101640.126
0.268000 77.039 42.360 5.017 101640.380
0.269000 77.032 42.353 5.017 101640.644
0.270000 77.025 42.346 5.017 101640.868
0.271000 77.018 42.339 5.017 101641.012
0.272000 77.011 42.332 5.017 101641.055
0.273000 77.004 42.325 5.017 101641.009
0.274000 76.997 42.318 5.017 101640.921
0.275000 76.990 42.311 5.017 101640.858
0.276000 76.983 42.304 5.017 101640.879
0.277000 76.975 42.297 5.017 101641.012
0.278000 76.968 42.290 5.017 101641.234
0.279000 76.961 42.283 5.017 101641.481
0.280000 76.954 42.276 5.017 101641.683
0.281000 76.947 42.269 5.017 101641.798
0.282000 76.940 42.261 5.017 101641.825
0.283000 76.933 42.254 5.017 101641.788
0.284000 76.926 42.247 5.017 101641.730
0.285000 76.919 42.240 5.017 101641.702
0.286000 76.912 42.233 5.017 101641.746
0.287000 76.905 42.226 5.017 101641.880
0.288000 76.898 42.219 5.017 101642.097
0.289000 76.891 42.212 5.017 101642.376
0.290000 76.884 42.205 5.017 101642.684
0.291000 76.876 42.198 5.017 101642.985
0.292000 76.869 42.191 5.017 101643.257
0.293000 76.862 42.184 5.017 101643.506
0.294000 76.855 42.177 5.017 101643.761
0.295000 76.848 42.170 5.017 101644.053
0.296000 76.841 42.162 5.017 101644.381
0.297000 76.834 42.155 5.017 101644.696
0.298000 76.827 42.148 5.017 101644.921
0.299000 76.820 42.141 5.017 101644.992
0.300000 76.813 42.134 5.017 101644.899
0.301000 76.806 42.127 5.017 101644.688
0.302000 76.799 42.120 5.017 101644.431
0.303000 76.792 42.113 5.017 101644.189
0.304000 76.785 42.106 5.017 101643.997
0.305000 76.777 42.099 5.017 101643.866
0.306000 76.770 42.092 5.017 101643.793
0.307000 76.763 42.085 5.017 101643.769
0.308000 76.756 42.078 5.017 101643.786
0.309000 76.749 42.071 5.017 101643.838
0.310000 76.742 42.063 5.017 101643.912
0.311000 76.735 42.056 5.017 101643.992
0.312000 76.728 42.049 5.017 101644.055
0.313000 76.721 42.042 5.017 101644.082
0.314000 76.714 42.035 5.017 101644.073
0.315000 76.707 42.028 5.017 101644.051
0.316000 76.700 42.021 5.017 101644.048
0.317000 76.693 42.014 5.017 101644.081
0.318000 76.686 42.007 5.017 101644.146
0.319000 76.678 42.000 5.017 101644.245
0.320000 76.671 41.993 5.017 101644.394
0.321000 76.664 41.986 5.017 101644.623
0.322000 76.657 41.979 5.017 101644.952
0.323000 76.650 41.972 5.017 101645.373
0.324000 76.643 41.964 5.017 101645.855
0.325000 76.636 41.957 5.017 101646.347
0.326000 76.629 41.950 5.017 101646.802
0.327000 76.622 41.943 5.017 101647.180
0.328000 76.615 41.936 5.017 101647.458
0.329000 76.608 41.929 5.017 101647.625
0.330000 76.601 41.922 5.017 101647.689
0.331000 76.594 41.915 5.017 101647.667
0.332000 76.587 41.908 5.017 101647.588
0.333000 76.579 41.901 5.017 101647.489
0.334000 76.572 41.894 5.017 101647.416
0.335000 76.565 41.887 5.017 101647.407
0.336000 76.558 41.880 5.017 101647.458
0.337000 76.551 41.873 5.017 101647.513
0.338000 76.544 41.865 5.017 101647.492
0.339000 76.537 41.858 5.017 101647.345
0.340000 76.530 41.851 5.017 101647.090
0.341000 76.523 41.844 5.017 101646.803
0.342000 76.516 41.837 5.017 101646.583
0.343000 76.509 41.830 5.017 101646.512
0.344000 76.502 41.823 5.017 101646.635
0.345000 76.495 41.816 5.017 101646.961
0.346000 76.488 41.809 5.017 101647.459
0.347000 76.480 41.802 5.017 101648.057
0.348000 76.473 41.795 5.017 101648.659
0.349000 76.466 41.788 5.017 101649.182
0.350000 76.459 41.781 5.017 101649.605
0.351000 76.452 41.774 5.017 101649.976
0.352000 76.445 41.766 5.017 101650.383
0.353000 76.438 41.759 5.017 101650.884
0.354000 76.431 41.752 5.017 101651.463
0.355000 76.424 41.745 5.017 101652.037
0.356000 76.417 41.738 5.017 101652.488
0.357000 76.410 41.731 5.017 101652.701
0.358000 76.403 41.724 5.017 101652.612
0.359000 76.396 41.717 5.017 101652.236
0.360000 76.389 41.710 5.017 101651.674
0.361000 76.381 41.703 5.017 101651.066
0.362000 76.374 41.696 5.017 101650.547
0.363000 76.367 41.689 5.017 101650.212
0.364000 76.360 41.682 5.017 101650.090
0.365000 76.353 41.675 5.017 101650.130
0.366000 76.346 41.667 5.017 101650.226
0.367000 76.339 41.660 5.017 101650.248
0.368000 76.332 41.653 5.017 101650.448
0.369000 76.325 41.646 5.017 101650.523
0.370000 76.318 41.639 5.017 101650.417
0.371000 76.311 41.632 5.017 101650.267
0.372000 76.304 41.625 5.017 101650.230
0.373000 76.297 41.618 5.017 101650.391
0.374000 76.290 41.611 5.017 101650.755
0.375000 76.282 41.604 5.017 101651.278
0.376000 76.275 41.596 5.017 101651.897
0.377000 76.268 41.589 5.017 101652.534
0.378000 76.261 41.582 5.017 101653.168
0.379000 76.564 41.265 5.086 101653.807
0.380000 76.557 41.258 5.086 101654.367
0.381000 76.550 41.250 5.086 101654.837
0.382000 76.543 41.243 5.086 101655.157
0.383000 76.536 41.236 5.086 101655.241
0.384000 76.219 41.539 5.017 101655.440
0.385000 76.212 41.532 5.017 101655.444
0.386000 76.205 41.524 5.017 101655.187
0.387000 76.198 41.517 5.017 101654.712
0.388000 76.191 41.510 5.017 101654.116
0.389000 76.183 41.502 5.017 101653.492
0.390000 76.176 41.495 5.017 101652.902
0.391000 76.169 41.488 5.017 101652.399
0.392000 76.162 41.481 5.017 101652.046
0.393000 76.155 41.473 5.017 101651.917
0.394000 76.148 41.466 5.017 101652.057
0.395000 76.141 41.459 5.017 101652.427
0.396000 76.134 41.451 5.017 101652.910
0.397000 76.127 41.444 5.017 101653.359
0.398000 76.120 41.437 5.017 101653.683
0.399000 76.113 41.429 5.017 101653.895
0.400000 76.106 41.422 5.017 101654.095
0.401000 76.099 41.414 5.017 101654.410
0.402000 76.402 41.097 5.086 101654.973
0.403000 76.395 41.089 5.086 101655.999
0.404000 76.388 41.082 5.086 101656.992
0.405000 76.380 41.075 5.086 101657.785
0.406000 76.373 41.067 5.086 101658.340
0.407000 76.366 41.060 5.086 101658.735
0.408000 76.359 41.052 5.086 101659.072
0.409000 76.352 41.045 5.086 101659.389
0.410000 76.345 41.037 5.086 101659.659
0.411000 76.338 41.030 5.086 101659.828
0.412000 76.331 41.022 5.086 101659.839
0.413000 76.324 41.015 5.086 101659.643
0.414000 76.317 41.007 5.086 101659.239
0.415000 76.000 41.310 5.017 101659.006
0.416000 75.993 41.302 5.017 101658.772
0.417000 75.986 41.295 5.017 101658.469
0.418000 75.978 41.287 5.017 101658.204
0.419000 75.971 41.279 5.017 101658.067
0.420000 76.274 40.962 5.086 101658.312
0.421000 76.267 40.954 5.086 101658.956
0.422000 76.260 40.947 5.086 101659.656
0.423000 76.253 40.939 5.086 101660.342
0.424000 76.246 40.931 5.086 101660.992
0.425000 76.239 40.924 5.086 101661.626
0.426000 76.232 40.916 5.086 101662.300
0.427000 76.225 40.908 5.086 101663.088
0.428000 76.218 40.901 5.086 101664.033
0.429000 76.211 40.893 5.086 101665.118
0.430000 76.204 40.885 5.086 101666.241
0.431000 76.197 40.878 5.086 101667.259
0.432000 76.190 40.870 5.086 101668.045
0.433000 76.182 40.862 5.086 101668.562
0.434000 76.175 40.855 5.086 101668.878
0.435000 76.168 40.847 5.086 101669.133
0.436000 76.161 40.839 5.086 101669.469
0.437000 76.154 40.831 5.086 101669.967
0.438000 76.147 40.824 5.086 101670.594
0.439000 76.140 40.816 5.086 101671.223
0.440000 76.133 40.808 5.086 101671.697
0.441000 76.126 40.800 5.086 101671.905
0.442000 76.119 40.792 5.086 101671.837
0.443000 76.112 40.785 5.086 101671.577
0.444000 76.105 40.777 5.086 101671.272
0.445000 76.098 40.769 5.086 101671.095
0.446000 76.091 40.761 5.086 101671.188
0.447000 76.084 40.753 5.086 101671.604
0.448000 76.076 40.745 5.086 101672.262
0.449000 76.069 40.738 5.086 101673.001
0.450000 76.062 40.730 5.086 101673.676
0.451000 76.055 40.722 5.086 101674.270
0.452000 76.048 40.714 5.086 101674.875
0.453000 76.041 40.706 5.086 101675.613
0.454000 76.034 40.698 5.086 101676.548
0.455000 76.027 40.690 5.086 101677.658
0.456000 76.020 40.682 5.086 101678.835
0.457000 76.013 40.674 5.086 101679.957
0.458000 76.006 40.666 5.086 101680.901
0.459000 75.999 40.658 5.086 101681.600
0.460000 75.992 40.650 5.086 101682.088
0.461000 75.985 40.642 5.086 101682.482
0.462000 75.977 40.634 5.086 101682.921
0.463000 75.970 40.626 5.086 101683.475
0.464000 75.963 40.618 5.086 101684.090
0.465000 75.956 40.610 5.086 101684.620
0.466000 75.949 40.602 5.086 101684.907
0.467000 75.942 40.594 5.086 101684.885
0.468000 75.935 40.586 5.086 101684.592
0.469000 75.928 40.578 5.086 101684.142
0.470000 75.921 40.570 5.086 101683.681
0.471000 75.914 40.562 5.086 101683.354
0.472000 75.907 40.554 5.086 101683.266
0.473000 75.900 40.546 5.086 101683.469
0.474000 75.893 40.538 5.086 101683.912
0.475000 75.886 40.530 5.086 101684.463
0.476000 75.878 40.521 5.086 101685.013
0.477000 75.871 40.513 5.086 101685.542
0.478000 75.864 40.505 5.086 101686.131
0.479000 75.857 40.497 5.086 101686.894
0.480000 75.850 40.489 5.086 101687.874
0.481000 75.843 40.481 5.086 101688.993
0.482000 75.836 40.472 5.086 101690.108
0.483000 75.829 40.464 5.086 101691.073
0.484000 75.822 40.456 5.086 101691.792
0.485000 75.815 40.448 5.086 101692.249
0.486000 75.808 40.440 5.086 101692.534
0.487000 75.801 40.431 5.086 101692.804
0.488000 75.794 40.423 5.086 101693.210
0.489000 75.787 40.415 5.086 101693.808
0.490000 75.780 40.407 5.086 101694.493
0.491000 75.772 40.398 5.086 101695.057
0.492000 75.765 40.390 5.086 101695.302
0.493000 75.758 40.382 5.086 101695.150
0.494000 75.751 40.373 5.086 101694.676
0.495000 75.744 40.365 5.086 101694.059
0.496000 75.737 40.357 5.086 101693.497
0.497000 75.730 40.348 5.086 101693.140
0.498000 75.723 40.340 5.086 101693.033
0.499000 75.716 40.332 5.086 101693.144
0.500000 75.709 40.323 5.086 101693.387
0.501000 75.702 40.315 5.086 101693.693
0.502000 75.695 40.307 5.086 101694.047
0.503000 75.688 40.298 5.086 101694.491
0.504000 75.681 40.290 5.086 101695.076
0.505000 75.673 40.281 5.086 101695.839
0.506000 75.666 40.273 5.086 101696.764
0.507000 75.659 40.265 5.086 101697.791
0.508000 75.652 40.256 5.086 101698.837
0.509000 75.645 40.248 5.086 101699.787
0.510000 75.638 40.239 5.086 101700.547
0.511000 75.631 40.231 5.086 101701.105
0.512000 75.624 40.222 5.086 101701.565
0.513000 75.617 40.214 5.086 101702.080
0.514000 75.610 40.205 5.086 101702.710
0.515000 75.603 40.197 5.086 101703.410
0.516000 75.596 40.188 5.086 101704.027
0.517000 75.589 40.180 5.086 101704.425
0.518000 75.582 40.171 5.086 101704.574
0.519000 75.574 40.163 5.086 101704.528
0.520000 75.567 40.154 5.086 101704.348
0.521000 75.560 40.145 5.086 101704.101
0.522000 75.553 40.137 5.086 101703.898
0.523000 75.546 40.128 5.086 101703.857
0.524000 75.539 40.120 5.086 101704.026
0.525000 75.532 40.111 5.086 101704.362
0.526000 75.525 40.102 5.086 101704.833
0.527000 75.518 40.094 5.086 101705.435
0.528000 75.511 40.085 5.086 101706.186
0.529000 75.504 40.077 5.086 101707.049
0.530000 75.497 40.068 5.086 101708.029
0.531000 75.490 40.059 5.086 101709.141
0.532000 75.483 40.050 5.086 101710.366
0.533000 75.476 40.042 5.086 101711.624
0.534000 75.468 40.033 5.086 101712.774
0.535000 75.461 40.024 5.086 101713.760
0.536000 75.454 40.016 5.086 101714.693
0.537000 75.447 40.007 5.086 101715.652
0.538000 75.440 39.998 5.086 101716.714
0.539000 75.433 39.989 5.086 101718.002
0.540000 75.426 39.981 5.086 101719.520
0.541000 75.428 39.963 5.050 101721.108
0.542000 75.420 39.955 5.050 101722.581
0.543000 75.413 39.946 5.050 101723.934
0.544000 75.406 39.937 5.050 101725.156
0.545000 75.399 39.928 5.050 101726.149
0.546000 75.384 39.928 5.086 101727.084
0.547000 75.377 39.919 5.086 101728.254
0.548000 75.369 39.910 5.086 101729.621
0.549000 75.362 39.901 5.086 101731.077
0.550000 75.355 39.893 5.086 101732.792
0.551000 75.348 39.884 5.086 101734.739
0.552000 75.341 39.875 5.086 101736.891
0.553000 75.334 39.866 5.086 101739.565
0.554000 75.327 39.857 5.086 101742.578
0.555000 75.320 39.848 5.086 101745.837
0.556000 75.313 39.839 5.086 101749.548
0.557000 75.306 39.830 5.086 101753.464
0.558000 75.299 39.821 5.086 101757.685
0.559000 75.292 39.812 5.086 101762.306
0.560000 75.285 39.804 5.086 101767.207
0.561000 75.278 39.795 5.086 101772.632
0.562000 75.271 39.786 5.086 101778.377
0.563000 75.272 39.768 5.050 101784.824
0.564000 75.265 39.759 5.050 101791.691
0.565000 75.258 39.750 5.050 101799.640
0.566000 75.260 39.732 4.980 101808.853
0.567000 75.253 39.723 4.980 101818.166
0.568000 75.246 39.714 4.980 101828.485
0.569000 75.239 39.705 4.980 101840.693
0.570000 75.232 39.696 4.980 101854.145
0.571000 75.225 39.687 4.980 101868.305
0.572000 75.218 39.678 4.980 101884.473
0.573000 75.210 39.669 4.980 101904.582
0.574000 75.203 39.659 4.980 101925.483
0.575000 75.196 39.650 4.980 101949.167
0.576000 75.189 39.641 4.980 101979.862
0.577000 75.182 39.632 4.980 102012.003
0.578000 75.175 39.623 4.980 102051.027
0.579000 75.168 39.614 4.980 102101.236
0.580000 75.161 39.605 4.980 102159.426
0.581000 75.154 39.596 4.980 102228.703
0.582000 75.147 39.586 4.980 102316.168
0.583000 75.140 39.577 4.980 102454.770
0.584000 75.129 39.571 5.014 102633.637
0.585000 75.126 39.559 4.980 102934.052
0.586000 75.119 39.550 4.980 103484.650
0.587000 75.111 39.540 4.980 106124.444
0.588000 75.104 39.531 4.980 115001.592
0.589000 75.094 39.525 5.014 129629.678
0.590000 75.090 39.513 4.980 154515.301
0.591000 75.080 39.507 5.014 184806.796
0.592000 75.073 39.498 5.014 211096.732
0.593000 75.066 39.488 5.014 235016.694
0.594000 75.053 39.485 5.050 252785.255
0.595000 75.007 39.515 4.976 268028.033
0.596000 75.000 39.505 4.976 292729.482
0.597000 74.981 39.507 5.013 303094.547
0.598000 74.941 39.531 5.041 305777.830
0.599000 74.934 39.522 5.041 307248.805
0.600000 74.927 39.513 5.041 303747.401
0.601000 74.895 39.528 5.025 301634.799
0.602000 74.870 39.537 5.055 303872.024
0.603000 74.823 39.568 4.999 306477.880
0.604000 74.797 39.577 4.975 313034.682
0.605000 74.770 39.588 5.045 320430.959
0.606000 74.752 39.590 5.016 324931.290
0.607000 74.722 39.603 5.016 326182.396
0.608000 74.667 39.643 4.904 328253.580
0.609000 74.660 39.634 4.904 339674.366
0.610000 74.653 39.624 4.904 326574.646
0.611000 74.646 39.615 4.904 303255.119
0.612000 74.609 39.636 5.017 290337.151
0.613000 74.602 39.627 5.017 283600.538
0.614000 74.595 39.618 5.017 272285.484
0.615000 74.588 39.609 5.017 260675.352
0.616000 74.582 39.600 5.017 251012.584
0.617000 74.575 39.591 5.017 243681.175
0.618000 74.568 39.581 5.017 238012.431
0.619000 74.561 39.572 5.017 233357.374
0.620000 74.555 39.563 5.017 229269.933
0.621000 74.548 39.554 5.017 225538.463
0.622000 74.541 39.545 5.017 222080.468
0.623000 74.535 39.536 5.017 218937.629
0.624000 74.856 39.199 4.980 216407.281
0.625000 74.849 39.190 4.980 216313.293
0.626000 74.842 39.181 4.980 216340.316
0.627000 74.836 39.171 4.980 216397.804
0.628000 74.829 39.162 4.980 216452.042
0.629000 74.822 39.153 4.980 216482.944
0.630000 74.816 39.144 4.980 216499.586
0.631000 74.809 39.135 4.980 216535.405
0.632000 74.803 39.126 4.980 216635.242
0.633000 74.796 39.116 4.980 216841.392
0.634000 74.789 39.107 4.980 217187.050
0.635000 74.783 39.098 4.980 217687.670
0.636000 74.776 39.089 4.980 218303.176
0.637000 74.770 39.080 4.980 218968.158
0.638000 74.763 39.071 4.980 219606.120
0.639000 74.757 39.062 4.980 220133.804
0.640000 74.750 39.053 4.980 220480.557
0.641000 74.726 39.061 5.086 220676.822
0.642000 74.719 39.052 5.086 220687.256
0.643000 74.713 39.043 5.086 220428.125
0.644000 74.706 39.034 5.086 219912.134
0.645000 74.700 39.025 5.086 219179.720
0.646000 74.693 39.016 5.086 218299.904
0.647000 74.687 39.006 5.086 217356.958
0.648000 74.681 38.997 5.086 216426.632
0.649000 74.674 38.988 5.086 215577.345
0.650000 74.668 38.979 5.086 214877.842
0.651000 74.661 38.970 5.086 214352.790
0.652000 74.655 38.961 5.086 214014.738
0.653000 74.648 38.952 5.086 213854.666
0.654000 74.642 38.943 5.086 213856.374
0.655000 74.635 38.934 5.086 213992.874
0.656000 74.629 38.925 5.086 214220.594
0.657000 74.623 38.916 5.086 214495.310
0.658000 74.616 38.907 5.086 214771.093
0.659000 74.610 38.898 5.086 215007.252
0.660000 74.603 38.889 5.086 215165.591
0.661000 74.597 38.880 5.086 215222.784
0.662000 74.591 38.870 5.086 215174.160
0.663000 74.584 38.861 5.086 215026.893
0.664000 74.578 38.852 5.086 214754.083
0.665000 74.572 38.843 5.086 214435.077
0.666000 74.565 38.834 5.086 214141.445
0.667000 74.559 38.825 5.086 213865.580
0.668000 74.553 38.816 5.086 213593.078
0.669000 74.546 38.807 5.086 213372.633
0.670000 74.540 38.798 5.086 213205.139
0.671000 74.534 38.789 5.086 213080.388
0.672000 74.527 38.780 5.086 212972.654
0.673000 74.521 38.771 5.086 212888.983
0.674000 74.515 38.762 5.086 212794.496
0.675000 74.508 38.753 5.086 212671.986
0.676000 74.502 38.745 5.086 212535.580
0.677000 74.496 38.736 5.086 212399.664
0.678000 74.489 38.727 5.086 212307.764
0.679000 74.483 38.718 5.086 212190.136
0.680000 74.477 38.709 5.086 212072.400
0.681000 74.470 38.700 5.086 211925.660
0.682000 74.464 38.691 5.086 211828.319
0.683000 74.458 38.682 5.086 211796.353
0.684000 74.452 38.673 5.086 211734.293
0.685000 74.445 38.664 5.086 211653.802
0.686000 74.439 38.655 5.086 211574.916
0.687000 74.433 38.646 5.086 211471.896
0.688000 74.426 38.637 5.086 211351.741
0.689000 74.420 38.629 5.086 211225.575
0.690000 74.414 38.620 5.086 211136.651
0.691000 74.408 38.611 5.086 211018.363
0.692000 74.401 38.602 5.086 210879.843
0.693000 74.395 38.593 5.086 210766.650
0.694000 74.389 38.584 5.086 210581.937
0.695000 74.383 38.576 5.086 210486.379
0.696000 74.376 38.567 5.086 210425.782
0.697000 74.370 38.558 5.086 210356.653
0.698000 74.364 38.549 5.086 210303.373
0.699000 74.357 38.540 5.086 210284.156
0.700000 74.351 38.531 5.086 210206.305
0.701000 74.345 38.523 5.086 210116.726
0.702000 74.339 38.514 5.086 210029.894
0.703000 74.332 38.505 5.086 209977.124
0.704000 74.326 38.496 5.086 209917.730
0.705000 74.320 38.488 5.086 209795.876
0.706000 74.314 38.479 5.086 209650.221
0.707000 74.307 38.470 5.086 209639.474
0.708000 74.301 38.461 5.086 209548.108
0.709000 74.295 38.453 5.086 209444.668
0.710000 74.289 38.444 5.086 209341.764
0.711000 74.282 38.435 5.086 209242.346
0.712000 74.276 38.427 5.086 209234.785
0.713000 74.270 38.418 5.086 209155.380
0.714000 74.264 38.409 5.086 209011.483
0.715000 74.257 38.401 5.086 208980.957
0.716000 74.251 38.392 5.086 209010.317
0.717000 74.245 38.383 5.086 208982.588
0.718000 74.239 38.375 5.086 208878.986
0.719000 74.232 38.366 5.086 208760.294
0.720000 74.226 38.357 5.086 208618.910
0.721000 74.220 38.349 5.086 208511.435
0.722000 74.214 38.340 5.086 208394.364
0.723000 74.207 38.332 5.086 208421.930
0.724000 74.201 38.323 5.086 208478.090
0.725000 74.195 38.315 5.086 208478.867
0.726000 74.189 38.306 5.086 208422.270
0.727000 74.182 38.297 5.086 208343.785
0.728000 74.176 38.289 5.086 208262.128
0.729000 74.170 38.280 5.086 208211.734
0.730000 74.164 38.272 5.086 208233.949
0.731000 74.157 38.263 5.086 208172.664
0.732000 74.151 38.255 5.086 208156.265
0.733000 74.145 38.246 5.086 208164.616
0.734000 74.138 38.238 5.086 207951.204
0.735000 74.132 38.230 5.086 207845.744
0.736000 74.126 38.221 5.086 207678.954
0.737000 74.120 38.213 5.086 207639.458
0.738000 74.113 38.204 5.086 207560.661
0.739000 74.107 38.196 5.086 207443.799
0.740000 74.101 38.187 5.086 207442.597
0.741000 74.094 38.179 5.086 207504.357
0.742000 74.088 38.171 5.086 207584.326
0.743000 74.082 38.162 5.086 207551.327
0.744000 74.075 38.154 5.086 207373.837
0.745000 74.069 38.146 5.086 207300.790
0.746000 74.063 38.137 5.086 207354.486
0.747000 74.057 38.129 5.086 207319.762
0.748000 74.050 38.121 5.086 207247.269
0.749000 74.044 38.112 5.086 207146.780
0.750000 74.038 38.104 5.086 207221.526
0.751000 74.031 38.096 5.086 207076.273
0.752000 74.025 38.088 5.086 206968.868
0.753000 74.019 38.079 5.086 206809.420
0.754000 74.012 38.071 5.086 206774.667
0.755000 74.006 38.063 5.086 206773.368
0.756000 74.000 38.055 5.086 206708.978
0.757000 73.993 38.047 5.086 206616.245
0.758000 73.987 38.038 5.086 206571.790
0.759000 73.980 38.030 5.086 206491.658
0.760000 73.974 38.022 5.086 206394.541
0.761000 73.968 38.014 5.086 206330.052
0.762000 73.961 38.006 5.086 206344.358
0.763000 73.955 37.998 5.086 206306.256
0.764000 73.949 37.990 5.086 206241.810
0.765000 73.942 37.982 5.086 206221.317
0.766000 73.936 37.974 5.086 206072.830
0.767000 73.929 37.965 5.086 206169.942
0.768000 73.923 37.957 5.086 206010.526
0.769000 73.917 37.949 5.086 205984.878
0.770000 73.910 37.941 5.086 206068.702
0.771000 73.904 37.933 5.086 205919.053
0.772000 73.897 37.925 5.086 205885.337
0.773000 73.891 37.917 5.086 205786.848
0.774000 73.884 37.910 5.086 205661.085
0.775000 73.878 37.902 5.086 205628.940
0.776000 73.872 37.894 5.086 205681.459
0.777000 73.865 37.886 5.086 205594.456
0.778000 73.859 37.878 5.086 205491.562
0.779000 73.852 37.870 5.086 205299.601
0.780000 73.846 37.862 5.086 205182.322
0.781000 73.839 37.854 5.086 205246.493
0.782000 73.833 37.847 5.086 205167.853
0.783000 73.826 37.839 5.086 205189.309
0.784000 73.820 37.831 5.086 205050.838
0.785000 73.813 37.823 5.086 205034.227
0.786000 73.807 37.815 5.086 204902.897
0.787000 73.800 37.808 5.086 204716.293
0.788000 73.794 37.800 5.086 204704.230
0.789000 73.787 37.792 5.086 204820.269
0.790000 73.781 37.784 5.086 204841.618
0.791000 73.774 37.777 5.086 204703.977
0.792000 73.768 37.769 5.086 204566.890
0.793000 73.761 37.762 5.086 204547.742
0.794000 73.754 37.754 5.086 204559.129
0.795000 73.748 37.746 5.086 204479.174
0.796000 73.741 37.739 5.086 204487.549
0.797000 73.735 37.731 5.086 204408.763
0.798000 73.728 37.724 5.086 204305.472
0.799000 73.722 37.716 5.086 204239.483
0.800000 73.715 37.708 5.086 204086.916
0.801000 73.708 37.701 5.086 204104.345
0.802000 73.702 37.693 5.086 203874.628
0.803000 73.695 37.686 5.086 203896.144
0.804000 73.688 37.679 5.086 203674.819
0.805000 73.682 37.671 5.086 203753.303
0.806000 73.675 37.664 5.086 203637.442
0.807000 73.668 37.656 5.086 203572.485
0.808000 73.662 37.649 5.086 203479.490
0.809000 73.655 37.642 5.086 203308.111
0.810000 73.648 37.634 5.086 203336.432
0.811000 73.642 37.627 5.086 203199.134
0.812000 73.635 37.620 5.086 203332.440
0.813000 73.628 37.612 5.086 203393.241
0.814000 73.622 37.605 5.086 203284.379
0.815000 73.615 37.598 5.086 203070.955
0.816000 73.608 37.591 5.086 202900.302
0.817000 73.601 37.583 5.086 202909.458
0.818000 73.595 37.576 5.086 202937.540
0.819000 73.588 37.569 5.086 202910.845
0.820000 73.581 37.562 5.086 202656.120
0.821000 73.574 37.555 5.086 202558.079
0.822000 73.568 37.548 5.086 202489.350
0.823000 73.561 37.541 5.086 202456.905
0.824000 73.554 37.533 5.086 202318.882
0.825000 73.547 37.526 5.086 202133.511
0.826000 73.540 37.519 5.086 202035.515
0.827000 73.534 37.512 5.086 201856.153
0.828000 73.527 37.505 5.086 201836.886
0.829000 73.520 37.498 5.086 201836.569
0.830000 73.513 37.491 5.086 201737.458
0.831000 73.506 37.485 5.086 201650.320
0.832000 73.499 37.478 5.086 201709.381
0.833000 73.492 37.471 5.086 201879.161
0.834000 73.486 37.464 5.086 201537.955
0.835000 73.479 37.457 5.086 201443.434
0.836000 73.472 37.450 5.086 201447.854
0.837000 73.465 37.443 5.086 201390.738
0.838000 73.458 37.437 5.086 201340.633
0.839000 73.451 37.430 5.086 201143.097
0.840000 73.444 37.423 5.086 201023.806
0.841000 73.437 37.416 5.086 201038.183
0.842000 73.430 37.410 5.086 201076.383
0.843000 73.423 37.403 5.086 201030.977
0.844000 73.416 37.396 5.086 200808.093
0.845000 73.409 37.390 5.086 200516.254
0.846000 73.402 37.383 5.086 200357.973
0.847000 73.395 37.376 5.086 200387.353
0.848000 73.388 37.370 5.086 200390.708
0.849000 73.381 37.363 5.086 200337.752
0.850000 73.374 37.357 5.086 200199.418
0.851000 73.367 37.350 5.086 200061.374
0.852000 73.360 37.344 5.086 200123.632
0.853000 73.353 37.337 5.086 200026.604
0.854000 73.346 37.331 5.086 199994.823
0.855000 73.339 37.325 5.086 199798.520
0.856000 73.332 37.318 5.086 199701.725
0.857000 73.325 37.312 5.086 199882.538
0.858000 73.318 37.305 5.086 199766.440
0.859000 73.311 37.299 5.086 199650.862
0.860000 73.304 37.293 5.086 199424.970
0.861000 73.296 37.286 5.086 199428.213
0.862000 73.289 37.280 5.086 199452.059
0.863000 73.282 37.274 5.086 199248.647
0.864000 73.275 37.268 5.086 199247.718
0.865000 73.268 37.262 5.086 199045.406
0.866000 73.261 37.255 5.086 198919.453
0.867000 73.253 37.249 5.086 198943.058
0.868000 73.246 37.243 5.086 199076.854
0.869000 73.239 37.237 5.086 198796.935
0.870000 73.232 37.231 5.086 198859.042
0.871000 73.225 37.225 5.086 198670.204
0.872000 73.217 37.219 5.086 198553.300
0.873000 73.210 37.213 5.086 198707.572
0.874000 73.203 37.207 5.086 198607.046
0.875000 73.196 37.201 5.086 198610.818
0.876000 73.189 37.195 5.086 198546.253
0.877000 73.181 37.189 5.086 198602.841
0.878000 73.174 37.183 5.086 198482.839
0.879000 73.167 37.177 5.086 198445.493
0.880000 73.160 37.171 5.086 198381.749
0.881000 73.152 37.166 5.086 198323.261
0.882000 73.145 37.160 5.086 198312.398
0.883000 73.138 37.154 5.086 198150.398
0.884000 73.130 37.148 5.086 198119.654
0.885000 73.123 37.143 5.086 197962.483
0.886000 73.116 37.137 5.086 197896.395
0.887000 73.108 37.131 5.086 197824.425
0.888000 73.101 37.125 5.086 197822.731
0.889000 73.094 37.120 5.086 197889.037
0.890000 73.086 37.114 5.086 197859.636
0.891000 73.079 37.109 5.086 197756.487
0.892000 73.072 37.103 5.086 197805.445
0.893000 73.064 37.097 5.086 197771.930
0.894000 73.057 37.092 5.086 197780.364
0.895000 73.050 37.086 5.086 197646.036
0.896000 73.042 37.081 5.086 197741.238
0.897000 73.035 37.075 5.086 197776.269
0.898000 73.028 37.070 5.086 197906.221
0.899000 73.020 37.064 5.086 198037.118
0.900000 73.013 37.059 5.086 198050.129
0.901000 73.005 37.054 5.086 198127.975
0.902000 72.998 37.048 5.086 198145.931
0.903000 72.991 37.043 5.086 198186.960
0.904000 72.983 37.038 5.086 198064.013
0.905000 72.976 37.032 5.086 198247.046
0.906000 72.969 37.027 5.086 198303.771
0.907000 72.961 37.022 5.086 198273.055
0.908000 72.954 37.016 5.086 198318.414
0.909000 72.946 37.011 5.086 198584.461
0.910000 72.939 37.006 5.086 198660.718
0.911000 72.932 37.001 5.086 198629.677
0.912000 72.924 36.995 5.086 198863.495
0.913000 72.917 36.990 5.086 199003.931
0.914000 72.910 36.985 5.086 199058.406
0.915000 72.902 36.980 5.086 199084.574
0.916000 72.895 36.975 5.086 198991.231
0.917000 72.888 36.969 5.086 199110.491
0.918000 72.880 36.964 5.086 199329.387
0.919000 72.873 36.959 5.086 199424.443
0.920000 72.866 36.954 5.086 199487.129
0.921000 72.858 36.949 5.086 199395.851
0.922000 72.851 36.944 5.086 199501.036
0.923000 72.844 36.939 5.086 199593.121
0.924000 72.836 36.933 5.086 199705.465
0.925000 72.829 36.928 5.086 199590.138
0.926000 72.822 36.923 5.086 199570.731
0.927000 72.815 36.918 5.086 199460.662
0.928000 72.807 36.913 5.086 199385.202
0.929000 72.800 36.908 5.086 199320.018
0.930000 72.793 36.903 5.086 199106.738
0.931000 72.786 36.898 5.086 198941.653
0.932000 72.779 36.893 5.086 198759.696
0.933000 72.771 36.888 5.086 198450.875
0.934000 72.764 36.883 5.086 198286.714
0.935000 72.757 36.877 5.086 198201.999
0.936000 72.750 36.872 5.086 197785.817
0.937000 72.743 36.867 5.086 197529.916
0.938000 72.736 36.862 5.086 197354.884
0.939000 72.729 36.857 5.086 197067.218
0.940000 72.722 36.852 5.086 196760.920
0.941000 72.715 36.847 5.086 196580.151
0.942000 72.707 36.842 5.086 196159.527
0.943000 72.700 36.837 5.086 195892.388
0.944000 72.693 36.832 5.086 195665.875
0.945000 72.686 36.827 5.086 195343.433
0.946000 72.679 36.822 5.086 195121.021
0.947000 72.672 36.817 5.086 195152.583
0.948000 72.665 36.812 5.086 194778.971
0.949000 72.658 36.807 5.086 194478.496
0.950000 72.651 36.802 5.086 194191.307
0.951000 72.644 36.797 5.086 193947.425
0.952000 72.637 36.793 5.086 193641.879
0.953000 72.630 36.788 5.086 193613.601
0.954000 72.623 36.783 5.086 193303.500
0.955000 72.616 36.778 5.086 193035.162
0.956000 72.609 36.773 5.086 192920.724
0.957000 72.602 36.768 5.086 192902.735
0.958000 72.595 36.763 5.086 192589.493
0.959000 72.588 36.758 5.086 192524.236
0.960000 72.582 36.754 5.086 192350.922
0.961000 72.575 36.749 5.086 192174.805
0.962000 72.568 36.744 5.086 192073.556
0.963000 72.561 36.739 5.086 192060.947
0.964000 72.554 36.734 5.086 191994.812
0.965000 72.547 36.730 5.086 191640.277
0.966000 72.540 36.725 5.086 191618.365
0.967000 72.533 36.720 5.086 191691.460
0.968000 72.526 36.715 5.086 191710.085
0.969000 72.519 36.711 5.086 191560.070
0.970000 72.512 36.706 5.086 191384.620
0.971000 72.506 36.701 5.086 191212.011
0.972000 72.499 36.697 5.086 191313.075
0.973000 72.492 36.692 5.086 191106.041
0.974000 72.485 36.687 5.086 191188.762
0.975000 72.235 37.048 5.017 191244.838
0.976000 72.228 37.043 5.017 191342.513
0.977000 72.222 37.039 5.017 191458.925
0.978000 72.215 37.034 5.017 191496.057
0.979000 72.209 37.030 5.017 191587.460
0.980000 72.202 37.026 5.017 191575.458
0.981000 72.196 37.021 5.017 191646.061
0.982000 72.190 37.017 5.017 191539.427
0.983000 72.183 37.012 5.017 191647.894
0.984000 72.177 37.008 5.017 191695.059
0.985000 72.170 37.004 5.017 191591.427
0.986000 72.164 36.999 5.017 191651.302
0.987000 72.157 36.995 5.017 191530.627
0.988000 72.151 36.991 5.017 191505.411
0.989000 72.144 36.986 5.017 191490.145
0.990000 72.138 36.982 5.017 191360.350
0.991000 72.132 36.978 5.017 191200.114
0.992000 72.125 36.973 5.017 191124.312
0.993000 72.119 36.969 5.017 191100.486
0.994000 72.113 36.965 5.017 190995.988
0.995000 72.106 36.960 5.017 190878.064
0.996000 72.100 36.956 5.017 190634.841
0.997000 72.093 36.952 5.017 190657.241
0.998000 72.087 36.948 5.017 190553.102
0.999000 72.081 36.943 5.017 190373.418
1.000000 72.074 36.939 5.017 190209.734
1.001000 72.068 36.935 5.017 190034.968
1.002000 72.062 36.931 5.017 189857.131
1.003000 72.056 36.926 5.017 189508.681
1.004000 72.049 36.922 5.017 189436.923
1.005000 72.043 36.918 5.017 189443.148
1.006000 72.037 36.914 5.017 189371.796
1.007000 72.030 36.910 5.017 189267.225
1.008000 72.024 36.905 5.017 189105.635
1.009000 72.018 36.901 5.017 188914.396
1.010000 72.012 36.897 5.017 188767.054
1.011000 72.005 36.893 5.017 188700.045
1.012000 71.999 36.889 5.017 188623.354
1.013000 71.993 36.885 5.017 188595.921
1.014000 71.987 36.880 5.017 188465.155
1.015000 71.981 36.876 5.017 188311.982
1.016000 71.974 36.872 5.017 188211.138
1.017000 71.968 36.868 5.017 188161.945
1.018000 71.962 36.864 5.017 188010.894
1.019000 71.956 36.860 5.017 188000.653
1.020000 71.950 36.856 5.017 188041.647
1.021000 71.943 36.852 5.017 188006.358
1.022000 71.937 36.848 5.017 187939.684
1.023000 71.931 36.844 5.017 187819.653
1.024000 71.925 36.840 5.017 188038.517
1.025000 71.919 36.836 5.017 187956.230
1.026000 71.913 36.832 5.017 187856.806
1.027000 71.907 36.827 5.017 187813.743
1.028000 71.900 36.823 5.017 187768.344
1.029000 71.894 36.819 5.017 187658.069
1.030000 71.888 36.816 5.017 187625.624
1.031000 71.882 36.812 5.017 187608.781
1.032000 71.876 36.808 5.017 187590.498
1.033000 71.870 36.804 5.017 187624.636
1.034000 71.864 36.800 5.017 187558.017
1.035000 71.858 36.796 5.017 187613.453
1.036000 71.852 36.792 5.017 187671.644
1.037000 71.846 36.788 5.017 187418.068
1.038000 71.840 36.784 5.017 187359.688
1.039000 71.834 36.780 5.017 187426.043
1.040000 71.828 36.776 5.017 187379.944
1.041000 71.821 36.772 5.017 187315.166
1.042000 71.815 36.768 5.017 187513.059
1.043000 71.809 36.764 5.017 187620.774
1.044000 71.803 36.761 5.017 187524.805
1.045000 71.797 36.757 5.017 187486.160
1.046000 71.791 36.753 5.017 187382.399
1.047000 71.785 36.749 5.017 187158.736
1.048000 71.780 36.745 5.017 186970.070
1.049000 71.774 36.741 5.017 186730.403
1.050000 71.768 36.738 5.017 186681.365
1.051000 71.762 36.734 5.017 186485.367
1.052000 71.756 36.730 5.017 186431.445
1.053000 71.750 36.726 5.017 186276.152
1.054000 71.744 36.722 5.017 186188.055
1.055000 71.738 36.719 5.017 186109.040
1.056000 71.732 36.715 5.017 186099.965
1.057000 71.726 36.711 5.017 185990.987
1.058000 71.720 36.707 5.017 185804.117
1.059000 71.714 36.704 5.017 185624.168
1.060000 71.708 36.700 5.017 185469.990
1.061000 71.703 36.696 5.017 185405.678
1.062000 71.697 36.692 5.017 185337.627
1.063000 71.691 36.689 5.017 185284.832
1.064000 71.685 36.685 5.017 185218.591
1.065000 71.679 36.681 5.017 184959.794
1.066000 71.673 36.678 5.017 184810.245
1.067000 71.668 36.674 5.017 184722.033
1.068000 71.662 36.670 5.017 184587.739
1.069000 71.656 36.667 5.017 184421.513
1.070000 71.650 36.663 5.017 184292.082
1.071000 71.644 36.659 5.017 184206.484
1.072000 71.639 36.656 5.017 184195.462
1.073000 71.633 36.652 5.017 184038.261
1.074000 71.627 36.648 5.017 183966.334
1.075000 71.621 36.645 5.017 183904.127
1.076000 71.616 36.641 5.017 183925.580
1.077000 71.610 36.638 5.017 183925.414
1.078000 71.604 36.634 5.017 183881.496
1.079000 71.598 36.630 5.017 183849.210
1.080000 71.593 36.627 5.017 183758.422
1.081000 71.587 36.623 5.017 183631.853
1.082000 71.581 36.620 5.017 183545.994
1.083000 71.575 36.616 5.017 183423.951
1.084000 71.570 36.613 5.017 183343.160
1.085000 71.564 36.609 5.017 183230.747
1.086000 71.558 36.606 5.017 183211.908
1.087000 71.553 36.602 5.017 183183.037
1.088000 71.547 36.599 5.017 183096.817
1.089000 71.542 36.595 5.017 183016.069
1.090000 71.536 36.592 5.017 182923.839
1.091000 71.530 36.588 5.017 182877.198
1.092000 71.525 36.585 5.017 182933.074
1.093000 71.519 36.581 5.017 182918.340
1.094000 71.513 36.578 5.017 182911.064
1.095000 71.508 36.574 5.017 182961.998
1.096000 71.502 36.571 5.017 182927.826
1.097000 71.497 36.567 5.017 182910.641
1.098000 71.491 36.564 5.017 182837.840
1.099000 71.486 36.560 5.017 182634.442
1.100000 71.480 36.557 5.017 182496.754
1.101000 71.475 36.554 5.017 182492.771
1.102000 71.469 36.550 5.017 182288.771
1.103000 71.464 36.547 5.017 182063.312
1.104000 71.458 36.544 5.017 182189.733
1.105000 71.453 36.540 5.017 181982.120
1.106000 71.447 36.537 5.017 181811.054
1.107000 71.442 36.533 5.017 181824.359
1.108000 71.436 36.530 5.017 181688.124
1.109000 71.431 36.527 5.017 181580.660
1.110000 71.425 36.523 5.017 181438.262
1.111000 71.420 36.520 5.017 181390.481
1.112000 71.414 36.517 5.017 181221.314
1.113000 71.409 36.513 5.017 181189.971
1.114000 71.404 36.510 5.017 181046.948
1.115000 71.398 36.507 5.017 180825.883
1.116000 71.393 36.503 5.017 180706.150
1.117000 71.387 36.500 5.017 180609.628
1.118000 71.382 36.497 5.017 180582.091
1.119000 71.377 36.494 5.017 180431.839
1.120000 71.371 36.490 5.017 180412.998
1.121000 71.366 36.487 5.017 180429.886
1.122000 71.361 36.484 5.017 180242.007
1.123000 71.355 36.481 5.017 180100.303
1.124000 71.350 36.477 5.017 179807.765
1.125000 71.345 36.474 5.017 179699.443
1.126000 71.339 36.471 5.017 179635.878
1.127000 71.334 36.468 5.017 179552.856
1.128000 71.329 36.465 5.017 179511.336
1.129000 71.324 36.461 5.017 179558.797
1.130000 71.318 36.458 5.017 179459.576
1.131000 71.313 36.455 5.017 179292.713
1.132000 71.308 36.452 5.017 179226.393
1.133000 71.303 36.449 5.017 179295.969
1.134000 71.297 36.445 5.017 179509.430
1.135000 71.292 36.442 5.017 179398.721
1.136000 71.287 36.439 5.017 179353.328
1.137000 71.282 36.436 5.017 179263.556
1.138000 71.277 36.433 5.017 179138.672
1.139000 71.271 36.430 5.017 179037.922
1.140000 71.266 36.427 5.017 178983.863
1.141000 71.261 36.424 5.017 179050.091
1.142000 71.256 36.420 5.017 179070.991
1.143000 71.251 36.417 5.017 179112.365
1.144000 71.246 36.414 5.017 178982.060
1.145000 71.240 36.411 5.017 178964.068
1.146000 71.235 36.408 5.017 178884.884
1.147000 71.230 36.405 5.017 178896.985
1.148000 71.225 36.402 5.017 178875.472
1.149000 71.220 36.399 5.017 178756.540
1.150000 71.215 36.396 5.017 178901.693
1.151000 71.210 36.393 5.017 178900.560
1.152000 71.205 36.390 5.017 178680.457
1.153000 71.200 36.387 5.017 178668.652
1.154000 71.195 36.384 5.017 178705.477
1.155000 71.190 36.381 5.017 178850.586
1.156000 71.184 36.378 5.017 178684.483
1.157000 71.179 36.375 5.017 178643.335
1.158000 71.174 36.372 5.017 178594.133
1.159000 71.169 36.369 5.017 178388.823
1.160000 71.164 36.366 5.017 178145.543
1.161000 71.159 36.363 5.017 178079.699
1.162000 71.154 36.360 5.017 177996.147
1.163000 71.149 36.357 5.017 177885.768
1.164000 71.144 36.354 5.017 177925.777
1.165000 71.139 36.351 5.017 177865.006
1.166000 71.134 36.348 5.017 177713.925
1.167000 71.129 36.345 5.017 177482.610
1.168000 71.124 36.342 5.017 177395.274
1.169000 71.120 36.339 5.017 177295.699
1.170000 71.115 36.336 5.017 177376.209
1.171000 71.110 36.333 5.017 177351.641
1.172000 71.105 36.330 5.017 177235.721
1.173000 71.100 36.327 5.017 177100.988
1.174000 71.095 36.324 5.017 177205.696
1.175000 71.090 36.321 5.017 177028.200
1.176000 71.085 36.318 5.017 176988.720
1.177000 71.080 36.315 5.017 176932.983
1.178000 71.075 36.312 5.017 176734.716
1.179000 71.070 36.310 5.017 176625.748
1.180000 71.066 36.307 5.017 176582.927
1.181000 71.061 36.304 5.017 176619.352
1.182000 71.056 36.301 5.017 176525.102
1.183000 71.051 36.298 5.017 176417.441
1.184000 71.046 36.295 5.017 176284.076
1.185000 71.041 36.292 5.017 176168.480
1.186000 71.036 36.289 5.017 176065.726
1.187000 71.032 36.287 5.017 176074.806
1.188000 71.027 36.284 5.017 176107.461
1.189000 71.022 36.281 5.017 175811.375
1.190000 71.017 36.278 5.017 175739.312
1.191000 71.012 36.275 5.017 175710.850
1.192000 71.008 36.272 5.017 175736.294
1.193000 71.003 36.270 5.017 175631.367
1.194000 70.998 36.267 5.017 175489.937
1.195000 70.993 36.264 5.017 175532.032
1.196000 70.989 36.261 5.017 175624.926
1.197000 70.986 36.254 5.054 175601.206
1.198000 70.981 36.251 5.054 175483.176
1.199000 70.977 36.248 5.054 175422.930
1.200000 70.972 36.245 5.054 175369.185
1.201000 70.967 36.243 5.054 175238.651
1.202000 70.962 36.240 5.054 175131.919
1.203000 70.958 36.237 5.054 175162.764
1.204000 70.953 36.234 5.054 175119.305
1.205000 70.948 36.231 5.054 175057.663
1.206000 70.944 36.229 5.054 174947.006
1.207000 70.939 36.226 5.054 174906.014
1.208000 70.934 36.223 5.054 174845.086
1.209000 70.930 36.221 5.054 174792.684
1.210000 70.925 36.218 5.054 174809.055
1.211000 70.921 36.215 5.054 174672.252
1.212000 70.916 36.212 5.054 174496.000
1.213000 71.049 35.899 4.805 174612.975
1.214000 71.044 35.896 4.805 174641.145
1.215000 71.039 35.894 4.805 174529.229
1.216000 71.034 35.891 4.805 174392.683
1.217000 71.030 35.888 4.805 174431.746
1.218000 71.025 35.885 4.805 174417.321
1.219000 71.020 35.882 4.805 174407.982
1.220000 71.015 35.880 4.805 174545.137
1.221000 71.011 35.877 4.805 174618.503
1.222000 71.006 35.874 4.805 174560.721
1.223000 71.001 35.871 4.805 174634.794
1.224000 70.996 35.869 4.805 174680.402
1.225000 70.992 35.866 4.805 174449.894
1.226000 70.987 35.863 4.805 174224.587
1.227000 70.982 35.861 4.805 174265.034
1.228000 70.978 35.858 4.805 174254.400
1.229000 70.973 35.855 4.805 174316.074
1.230000 70.968 35.852 4.805 174359.827
1.231000 70.963 35.850 4.805 174330.572
1.232000 70.959 35.847 4.805 174377.409
1.233000 70.954 35.844 4.805 174378.695
1.234000 70.949 35.842 4.805 174350.795
1.235000 70.945 35.839 4.805 174390.909
1.236000 70.940 35.836 4.805 174543.331
1.237000 70.936 35.834 4.805 174545.090
1.238000 70.931 35.831 4.805 174468.429
1.239000 70.926 35.828 4.805 174108.360
1.240000 70.922 35.826 4.805 174255.715
1.241000 70.917 35.823 4.805 174227.507
1.242000 70.913 35.820 4.805 174155.371
1.243000 70.908 35.818 4.805 174263.193
1.244000 70.903 35.815 4.805 174256.351
1.245000 70.899 35.812 4.805 174226.802
1.246000 70.894 35.810 4.805 174066.221
1.247000 70.890 35.807 4.805 174004.063
1.248000 70.885 35.804 4.805 174008.337
1.249000 70.881 35.802 4.805 173868.513
1.250000 70.876 35.799 4.805 173866.729
1.251000 70.871 35.797 4.805 173815.921
1.252000 70.867 35.794 4.805 173896.469
1.253000 70.862 35.791 4.805 173837.468
1.254000 70.858 35.789 4.805 173720.169
1.255000 70.853 35.786 4.805 173646.108
1.256000 70.849 35.784 4.805 173529.280
1.257000 70.844 35.781 4.805 173534.639
1.258000 70.840 35.778 4.805 173497.118
1.259000 70.835 35.776 4.805 173763.160
1.260000 70.831 35.773 4.805 173719.524
1.261000 70.826 35.771 4.805 173544.375
1.262000 70.822 35.768 4.805 173714.366
1.263000 70.818 35.766 4.805 173647.237
1.264000 70.813 35.763 4.805 173624.363
1.265000 70.809 35.760 4.805 173398.171
1.266000 70.804 35.758 4.805 173289.276
1.267000 70.800 35.755 4.805 173324.764
1.268000 70.795 35.753 4.805 173297.854
1.269000 70.791 35.750 4.805 173369.590
1.270000 70.787 35.748 4.805 173166.811
1.271000 70.782 35.745 4.805 173090.723
1.272000 70.778 35.743 4.805 173160.445
1.273000 70.773 35.740 4.805 173223.025
1.274000 70.769 35.738 4.805 173243.355
1.275000 70.765 35.735 4.805 173260.680
1.276000 70.760 35.733 4.805 173288.858
1.277000 70.756 35.730 4.805 173235.239
1.278000 70.752 35.728 4.805 173172.648
1.279000 70.747 35.725 4.805 173245.257
1.280000 70.743 35.723 4.805 173290.070
1.281000 70.738 35.720 4.805 173275.133
1.282000 70.734 35.718 4.805 173265.636
1.283000 70.730 35.715 4.805 173234.852
1.284000 70.726 35.713 4.805 173166.019
1.285000 70.721 35.710 4.805 173572.131
1.286000 70.717 35.708 4.805 173330.760
1.287000 70.713 35.705 4.805 173141.107
1.288000 70.708 35.703 4.805 173017.212
1.289000 70.704 35.700 4.805 173005.438
1.290000 70.700 35.698 4.805 173084.791
1.291000 70.695 35.695 4.805 173189.019
1.292000 70.691 35.693 4.805 173133.993
1.293000 70.687 35.691 4.805 173097.002
1.294000 70.683 35.688 4.805 173181.023
1.295000 70.678 35.686 4.805 173026.105
1.296000 70.674 35.683 4.805 172912.654
1.297000 70.670 35.681 4.805 172754.247
1.298000 70.666 35.678 4.805 172712.125
1.299000 70.662 35.676 4.805 172786.232
1.300000 70.657 35.674 4.805 172931.004
1.301000 70.653 35.671 4.805 172756.672
1.302000 70.649 35.669 4.805 172680.006
1.303000 70.645 35.666 4.805 172783.364
1.304000 70.641 35.664 4.805 172774.422
1.305000 70.636 35.662 4.805 172748.714
1.306000 70.632 35.659 4.805 172639.715
1.307000 70.628 35.657 4.805 172790.860
1.308000 70.624 35.654 4.805 172871.923
1.309000 70.620 35.652 4.805 172872.211
1.310000 70.616 35.650 4.805 172728.093
1.311000 70.611 35.647 4.805 172503.454
1.312000 70.607 35.645 4.805 172351.538
1.313000 70.603 35.642 4.805 172463.263
1.314000 70.599 35.640 4.805 172558.219
1.315000 70.595 35.638 4.805 172531.323
1.316000 70.591 35.635 4.805 172469.092
1.317000 70.587 35.633 4.805 172398.248
1.318000 70.583 35.631 4.805 172486.540
1.319000 70.578 35.628 4.805 172401.382
1.320000 70.574 35.626 4.805 172469.425
1.321000 70.570 35.624 4.805 172353.934
1.322000 70.566 35.621 4.805 172387.830
1.323000 70.562 35.619 4.805 172427.471
1.324000 70.558 35.617 4.805 172399.649
1.325000 70.554 35.614 4.805 172414.617
1.326000 70.550 35.612 4.805 172460.589
1.327000 70.546 35.610 4.805 172436.587
1.328000 70.542 35.607 4.805 172491.572
1.329000 70.538 35.605 4.805 172540.683
1.330000 70.534 35.603 4.805 172624.801
1.331000 70.530 35.600 4.805 172460.538
1.332000 70.526 35.598 4.805 172365.379
1.333000 70.522 35.596 4.805 172268.721
1.334000 70.518 35.593 4.805 172135.001
1.335000 70.514 35.591 4.805 172181.532
1.336000 70.510 35.589 4.805 172254.559
1.337000 70.506 35.587 4.805 172389.747
1.338000 70.502 35.584 4.805 172394.151
1.339000 70.498 35.582 4.805 172354.612
1.340000 70.494 35.580 4.805 172254.996
1.341000 70.490 35.577 4.805 172191.506
1.342000 70.486 35.575 4.805 172121.560
1.343000 70.482 35.573 4.805 172094.287
1.344000 70.478 35.571 4.805 172143.169
1.345000 70.474 35.568 4.805 172062.874
1.346000 70.470 35.566 4.805 172187.637
1.347000 70.466 35.564 4.805 172173.593
1.348000 70.462 35.562 4.805 172169.081
1.349000 70.458 35.559 4.805 172133.377
1.350000 70.454 35.557 4.805 172137.470
1.351000 70.450 35.555 4.805 172142.204
1.352000 70.446 35.553 4.805 172198.560
1.353000 70.443 35.550 4.805 172028.551
1.354000 70.439 35.548 4.805 172055.923
1.355000 70.435 35.546 4.805 172034.366
1.356000 70.431 35.544 4.805 171932.336
1.357000 70.427 35.541 4.805 171994.727
1.358000 70.423 35.539 4.805 172033.839
1.359000 70.419 35.537 4.805 171861.780
1.360000 70.415 35.535 4.805 171811.235
1.361000 70.411 35.533 4.805 171895.580
1.362000 70.408 35.530 4.805 171811.627
1.363000 70.404 35.528 4.805 171860.643
1.364000 70.400 35.526 4.805 171891.722
1.365000 70.396 35.524 4.805 171980.922
1.366000 70.392 35.521 4.805 171999.436
1.367000 70.388 35.519 4.805 171919.969
1.368000 70.385 35.517 4.805 171803.588
1.369000 70.381 35.515 4.805 171610.201
1.370000 70.377 35.513 4.805 171645.476
1.371000 70.373 35.510 4.805 171888.241
1.372000 70.369 35.508 4.805 171749.762
1.373000 70.366 35.506 4.805 171540.733
1.374000 70.371 35.476 4.828 171689.743
1.375000 70.368 35.474 4.828 171739.796
1.376000 70.364 35.472 4.828 171695.574
1.377000 70.360 35.469 4.828 171586.061
1.378000 70.356 35.467 4.828 171698.799
1.379000 70.353 35.465 4.828 171783.053
1.380000 70.349 35.463 4.828 171746.149
1.381000 70.345 35.461 4.828 171448.797
1.382000 70.341 35.459 4.828 171487.159
1.383000 70.337 35.456 4.828 171606.182
1.384000 70.334 35.454 4.828 171722.574
1.385000 70.330 35.452 4.828 171646.764
1.386000 70.326 35.450 4.828 171521.379
1.387000 70.323 35.448 4.828 171526.457
1.388000 70.319 35.446 4.828 171476.145
1.389000 70.315 35.443 4.828 171473.330
1.390000 70.311 35.441 4.828 171684.481
1.391000 70.308 35.439 4.828 171640.150
1.392000 70.304 35.437 4.828 171517.527
1.393000 70.300 35.435 4.828 171449.950
1.394000 70.297 35.433 4.828 171472.130
1.395000 70.293 35.431 4.828 171566.897
1.396000 70.289 35.428 4.828 171426.986
1.397000 70.285 35.426 4.828 171540.352
1.398000 70.282 35.424 4.828 171564.907
1.399000 70.278 35.422 4.828 171535.804
1.400000 70.274 35.420 4.828 171448.023
1.401000 70.271 35.418 4.828 171418.277
1.402000 70.267 35.416 4.828 171404.793
1.403000 70.263 35.414 4.828 171410.003
1.404000 70.260 35.412 4.828 171356.688
1.405000 70.256 35.409 4.828 171271.108
1.406000 70.253 35.407 4.828 171354.590
1.407000 70.249 35.405 4.828 171232.868
1.408000 70.245 35.403 4.828 171096.683
1.409000 70.242 35.401 4.828 171098.828
1.410000 70.238 35.399 4.828 171228.036
1.411000 70.234 35.397 4.828 171279.884
1.412000 70.231 35.395 4.828 171346.961
1.413000 70.227 35.393 4.828 171450.552
1.414000 70.224 35.391 4.828 171223.768
1.415000 70.220 35.388 4.828 171099.248
1.416000 70.216 35.386 4.828 171149.276
1.417000 70.213 35.384 4.828 171163.033
1.418000 70.209 35.382 4.828 171202.083
1.419000 70.206 35.380 4.828 171158.253
1.420000 70.202 35.378 4.828 171222.532
1.421000 70.199 35.376 4.828 171370.658
1.422000 70.195 35.374 4.828 171352.098
1.423000 70.192 35.372 4.828 171343.921
1.424000 70.188 35.370 4.828 171337.972
1.425000 70.184 35.368 4.828 171230.312
1.426000 70.181 35.366 4.828 171244.958
1.427000 70.177 35.364 4.828 171191.144
1.428000 70.174 35.362 4.828 171129.141
1.429000 70.170 35.360 4.828 171042.679
1.430000 70.167 35.357 4.828 170955.956
1.431000 70.163 35.355 4.828 170963.296
1.432000 70.160 35.353 4.828 170939.345
1.433000 70.156 35.351 4.828 171125.950
1.434000 70.153 35.349 4.828 171099.264
1.435000 70.149 35.347 4.828 171176.844
1.436000 70.146 35.345 4.828 171208.967
1.437000 70.142 35.343 4.828 171153.522
1.438000 70.139 35.341 4.828 171092.404
1.439000 70.135 35.339 4.828 171056.957
1.440000 70.132 35.337 4.828 171201.492
1.441000 70.128 35.335 4.828 171079.627
1.442000 70.125 35.333 4.828 171022.528
1.443000 70.121 35.331 4.828 171071.980
1.444000 70.118 35.329 4.828 171059.074
1.445000 70.115 35.327 4.828 171067.761
1.446000 70.111 35.325 4.828 171068.224
1.447000 70.108 35.323 4.828 171117.910
1.448000 70.104 35.321 4.828 171075.248
1.449000 70.101 35.319 4.828 171068.559
1.450000 70.097 35.317 4.828 171019.930
1.451000 70.094 35.315 4.828 171043.549
1.452000 70.091 35.313 4.828 171059.039
1.453000 70.087 35.311 4.828 171111.202
1.454000 70.084 35.309 4.828 171080.347
1.455000 70.080 35.307 4.828 171009.155
1.456000 70.077 35.305 4.828 170995.719
1.457000 70.074 35.303 4.828 170968.603
1.458000 70.070 35.301 4.828 170998.154
1.459000 70.067 35.299 4.828 171004.355
1.460000 70.063 35.297 4.828 171041.285
1.461000 70.060 35.295 4.828 170989.717
1.462000 70.057 35.293 4.828 170956.108
1.463000 70.053 35.291 4.828 170931.425
1.464000 70.050 35.289 4.828 170940.138
1.465000 70.047 35.287 4.828 170874.277
1.466000 70.043 35.285 4.828 170851.008
1.467000 70.040 35.283 4.828 171016.398
1.468000 70.037 35.281 4.828 171027.165
1.469000 70.033 35.279 4.828 170953.252
1.470000 70.030 35.277 4.828 170772.362
1.471000 70.027 35.275 4.828 170681.930
1.472000 70.023 35.273 4.828 170775.127
1.473000 70.020 35.271 4.828 170961.470
1.474000 70.017 35.269 4.828 170884.251
1.475000 70.013 35.267 4.828 170802.975
1.476000 70.010 35.265 4.828 170888.499
1.477000 70.007 35.264 4.828 170917.385
1.478000 70.003 35.262 4.828 170796.425
1.479000 70.000 35.260 4.828 170701.071
1.480000 69.997 35.258 4.828 170738.248
1.481000 69.993 35.256 4.828 170682.365
1.482000 69.990 35.254 4.828 170755.316
1.483000 69.987 35.252 4.828 170850.266
1.484000 69.984 35.250 4.828 170787.313
1.485000 69.980 35.248 4.828 170807.721
1.486000 69.977 35.246 4.828 170830.351
1.487000 69.974 35.244 4.828 170827.208
1.488000 69.971 35.242 4.828 170830.864
1.489000 69.967 35.240 4.828 170858.583
1.490000 69.964 35.238 4.828 170783.603
1.491000 69.961 35.236 4.828 170735.622
1.492000 69.958 35.234 4.828 170756.750
1.493000 69.954 35.232 4.828 170901.257
1.494000 69.951 35.231 4.828 170925.818
1.495000 69.948 35.229 4.828 170962.310
1.496000 69.945 35.227 4.828 170920.240
1.497000 69.941 35.225 4.828 170946.836
1.498000 69.938 35.223 4.828 170861.856
1.499000 69.935 35.221 4.828 170743.595
1.500000 69.932 35.219 4.828 170653.522
1.501000 69.929 35.217 4.828 170525.316
1.502000 69.925 35.215 4.828 170615.848
1.503000 69.922 35.213 4.828 170550.976
1.504000 69.919 35.211 4.828 170629.045
1.505000 69.916 35.209 4.828 170708.855
1.506000 69.913 35.208 4.828 170779.422
1.507000 69.910 35.206 4.828 170788.581
1.508000 69.906 35.204 4.828 170834.752
1.509000 69.903 35.202 4.828 170612.998
1.510000 69.900 35.200 4.828 170545.899
1.511000 69.897 35.198 4.828 170466.821
1.512000 69.894 35.196 4.828 170473.891
1.513000 69.891 35.194 4.828 170448.164
1.514000 69.887 35.192 4.828 170478.933
1.515000 69.884 35.191 4.828 170517.332
1.516000 69.881 35.189 4.828 170500.358
1.517000 69.878 35.187 4.828 170436.929
1.518000 69.875 35.185 4.828 170478.623
1.519000 69.872 35.183 4.828 170498.817
1.520000 69.869 35.181 4.828 170430.486
1.521000 69.865 35.179 4.828 170415.211
1.522000 69.862 35.177 4.828 170452.748
1.523000 69.859 35.175 4.828 170383.292
1.524000 69.856 35.174 4.828 170409.932
1.525000 69.853 35.172 4.828 170452.056
1.526000 69.850 35.170 4.828 170623.824
1.527000 69.847 35.168 4.828 170667.027
1.528000 69.844 35.166 4.828 170611.884
1.529000 69.841 35.164 4.828 170674.548
1.530000 69.838 35.162 4.828 170629.584
1.531000 69.835 35.160 4.828 170607.980
1.532000 69.831 35.159 4.828 170560.266
1.533000 69.828 35.157 4.828 170532.369
1.534000 69.825 35.155 4.828 170513.538
1.535000 69.822 35.153 4.828 170545.186
1.536000 69.819 35.151 4.828 170535.373
1.537000 69.816 35.149 4.828 170589.933
1.538000 69.813 35.147 4.828 170664.996
1.539000 69.810 35.146 4.828 170675.609
1.540000 69.807 35.144 4.828 170518.621
1.541000 69.804 35.142 4.828 170424.909
1.542000 69.801 35.140 4.828 170326.971
1.543000 69.798 35.138 4.828 170278.141
1.544000 69.795 35.136 4.828 170255.845
1.545000 69.792 35.135 4.828 170362.384
1.546000 69.789 35.133 4.828 170474.519
1.547000 69.786 35.131 4.828 170483.676
1.548000 69.783 35.129 4.828 170225.891
1.549000 69.780 35.127 4.828 170205.891
1.550000 69.777 35.125 4.828 170272.232
1.551000 69.774 35.123 4.828 170234.404
1.552000 69.771 35.122 4.828 170324.112
1.553000 69.768 35.120 4.828 170404.842
1.554000 69.765 35.118 4.828 170472.468
1.555000 69.762 35.116 4.828 170397.164
1.556000 69.759 35.114 4.828 170433.081
1.557000 69.756 35.112 4.828 170416.376
1.558000 69.753 35.111 4.828 170298.510
1.559000 69.750 35.109 4.828 170293.364
1.560000 69.747 35.107 4.828 170245.745
1.561000 69.744 35.105 4.828 170309.113
1.562000 69.741 35.103 4.828 170184.113
1.563000 69.738 35.101 4.828 170187.644
1.564000 69.735 35.100 4.828 170269.634
1.565000 69.732 35.098 4.828 170267.828
1.566000 69.729 35.096 4.828 170230.211
1.567000 69.726 35.094 4.828 170281.470
1.568000 69.723 35.092 4.828 170342.279
1.569000 69.720 35.091 4.828 170314.783
1.570000 69.717 35.089 4.828 170264.578
1.571000 69.714 35.087 4.828 170350.185
1.572000 69.712 35.085 4.828 170346.661
1.573000 69.709 35.083 4.828 170419.989
1.574000 69.706 35.082 4.828 170345.957
1.575000 69.703 35.080 4.828 170343.962
1.576000 69.700 35.078 4.828 170324.811
1.577000 69.697 35.076 4.828 170371.133
1.578000 69.694 35.074 4.828 170384.558
1.579000 69.691 35.073 4.828 170448.684
1.580000 69.688 35.071 4.828 170340.282
1.581000 69.685 35.069 4.828 170309.784
1.582000 69.682 35.067 4.828 170223.666
1.583000 69.680 35.065 4.828 170299.521
1.584000 69.677 35.064 4.828 170302.780
1.585000 69.674 35.062 4.828 170281.612
1.586000 69.671 35.060 4.828 170283.592
1.587000 69.668 35.058 4.828 170292.824
1.588000 69.665 35.056 4.828 170228.218
1.589000 69.662 35.055 4.828 170218.372
1.590000 69.659 35.053 4.828 170315.922
1.591000 69.657 35.051 4.828 170259.384
1.592000 69.654 35.049 4.828 170103.570
1.593000 69.651 35.047 4.828 170001.298
1.594000 69.648 35.046 4.828 170017.189
1.595000 69.645 35.044 4.828 170044.130
1.596000 69.642 35.042 4.828 170002.767
1.597000 69.640 35.040 4.828 170107.058
1.598000 69.637 35.038 4.828 170177.790
1.599000 69.634 35.037 4.828 170084.705
1.600000 69.631 35.035 4.828 169990.175
1.601000 69.628 35.033 4.828 170057.268
1.602000 69.625 35.031 4.828 170142.930
1.603000 69.623 35.030 4.828 170004.693
1.604000 69.620 35.028 4.828 170007.408
1.605000 69.617 35.026 4.828 169906.230
1.606000 69.614 35.024 4.828 169828.384
1.607000 69.611 35.023 4.828 169830.761
1.608000 69.609 35.021 4.828 169875.935
1.609000 69.606 35.019 4.828 169895.616
1.610000 69.603 35.017 4.828 169929.143
1.611000 69.600 35.015 4.828 169934.018
1.612000 69.597 35.014 4.828 170110.514
1.613000 69.595 35.012 4.828 170126.983
1.614000 69.592 35.010 4.828 170111.609
1.615000 69.589 35.008 4.828 170132.478
1.616000 69.586 35.007 4.828 169868.989
1.617000 69.584 35.005 4.828 169740.769
1.618000 69.581 35.003 4.828 169763.885
1.619000 69.578 35.001 4.828 169831.557
1.620000 69.575 35.000 4.828 169998.814
1.621000 69.573 34.998 4.828 170015.100
1.622000 69.570 34.996 4.828 169929.156
1.623000 69.567 34.994 4.828 169964.677
1.624000 69.564 34.993 4.828 170006.412
1.625000 69.562 34.991 4.828 170091.548
1.626000 69.559 34.989 4.828 170008.191
1.627000 69.556 34.987 4.828 170070.877
1.628000 69.553 34.986 4.828 170078.519
1.629000 69.551 34.984 4.828 170045.773
1.630000 69.548 34.982 4.828 169947.254
1.631000 69.545 34.980 4.828 169927.096
1.632000 69.542 34.979 4.828 169852.316
1.633000 69.540 34.977 4.828 169777.327
1.634000 69.537 34.975 4.828 169782.219
1.635000 69.534 34.973 4.828 169850.724
1.636000 69.532 34.972 4.828 169766.851
1.637000 69.529 34.970 4.828 169823.266
1.638000 69.526 34.968 4.828 169889.477
1.639000 69.523 34.966 4.828 169845.744
1.640000 69.521 34.965 4.828 169857.318
1.641000 69.518 34.963 4.828 169842.956
1.642000 69.515 34.961 4.828 169951.091
1.643000 69.513 34.959 4.828 169942.192
1.644000 69.510 34.958 4.828 169964.112
1.645000 69.507 34.956 4.828 169951.925
1.646000 69.505 34.954 4.828 169994.585
1.647000 69.502 34.953 4.828 169941.979
1.648000 69.499 34.951 4.828 169931.124
1.649000 69.497 34.949 4.828 169965.484
1.650000 69.494 34.947 4.828 169981.010
1.651000 69.491 34.946 4.828 169925.295
1.652000 69.489 34.944 4.828 169945.660
1.653000 69.486 34.942 4.828 169943.279
1.654000 69.483 34.940 4.828 169912.433
1.655000 69.481 34.939 4.828 169835.506
1.656000 69.478 34.937 4.828 169795.106
1.657000 69.476 34.935 4.828 169802.185
1.658000 69.473 34.934 4.828 169806.591
1.659000 69.470 34.932 4.828 169689.906
1.660000 69.468 34.930 4.828 169698.333
1.661000 69.465 34.928 4.828 169780.553
1.662000 69.462 34.927 4.828 169767.327
1.663000 69.460 34.925 4.828 169639.268
1.664000 69.457 34.923 4.828 169690.037
1.665000 69.455 34.922 4.828 169773.220
1.666000 69.452 34.920 4.828 169638.914
1.667000 69.449 34.918 4.828 169500.182
1.668000 69.447 34.916 4.828 169508.482
1.669000 69.444 34.915 4.828 169603.157
1.670000 69.441 34.913 4.828 169751.668
1.671000 69.439 34.911 4.828 169772.131
1.672000 69.436 34.910 4.828 169733.351
1.673000 69.434 34.908 4.828 169709.341
1.674000 69.431 34.906 4.828 169645.729
1.675000 69.429 34.904 4.828 169554.876
1.676000 69.426 34.903 4.828 169533.318
1.677000 69.423 34.901 4.828 169568.858
1.678000 69.421 34.899 4.828 169732.405
1.679000 69.418 34.898 4.828 169680.773
1.680000 69.416 34.896 4.828 169666.171
1.681000 69.413 34.894 4.828 169655.651
1.682000 69.411 34.892 4.828 169634.977
1.683000 69.408 34.891 4.828 169585.973
1.684000 69.405 34.889 4.828 169676.274
1.685000 69.403 34.887 4.828 169654.798
1.686000 69.400 34.886 4.828 169692.383
1.687000 69.398 34.884 4.828 169562.397
1.688000 69.395 34.882 4.828 169612.213
1.689000 69.393 34.881 4.828 169770.831
1.690000 69.390 34.879 4.828 169808.499
1.691000 69.388 34.877 4.828 169818.915
1.692000 69.385 34.875 4.828 169817.874
1.693000 69.383 34.874 4.828 169766.588
1.694000 69.380 34.872 4.828 169708.735
1.695000 69.377 34.870 4.828 169592.920
1.696000 69.375 34.869 4.828 169661.725
1.697000 69.372 34.867 4.828 169702.661
1.698000 69.370 34.865 4.828 169700.653
1.699000 69.367 34.864 4.828 169630.741
1.700000 69.365 34.862 4.828 169530.266
1.701000 69.362 34.860 4.828 169644.308
1.702000 69.360 34.859 4.828 169575.387
1.703000 69.357 34.857 4.828 169714.362
1.704000 69.355 34.855 4.828 169644.194
1.705000 69.352 34.854 4.828 169630.598
1.706000 69.350 34.852 4.828 169644.280
1.707000 69.347 34.850 4.828 169592.789
1.708000 69.345 34.848 4.828 169582.588
1.709000 69.342 34.847 4.828 169609.239
1.710000 69.340 34.845 4.828 169620.933
1.711000 69.337 34.843 4.828 169690.571
1.712000 69.335 34.842 4.828 169556.937
1.713000 69.333 34.840 4.828 169475.083
1.714000 69.330 34.838 4.828 169409.683
1.715000 69.328 34.837 4.828 169383.159
1.716000 69.325 34.835 4.828 169511.952
1.717000 69.323 34.833 4.828 169336.845
1.718000 69.320 34.832 4.828 169511.720
1.719000 69.318 34.830 4.828 169643.458
1.720000 69.315 34.828 4.828 169543.548
1.721000 69.313 34.827 4.828 169644.494
1.722000 69.310 34.825 4.828 169696.209
1.723000 69.308 34.823 4.828 169647.064
1.724000 69.305 34.822 4.828 169490.830
1.725000 69.303 34.820 4.828 169413.321
1.726000 69.301 34.818 4.828 169408.712
1.727000 69.298 34.817 4.828 169348.959
1.728000 69.296 34.815 4.828 169352.714
1.729000 69.293 34.813 4.828 169329.640
1.730000 69.291 34.812 4.828 169300.694
1.731000 69.288 34.810 4.828 169213.452
1.732000 69.286 34.808 4.828 169367.989
1.733000 69.284 34.807 4.828 169432.464
1.734000 69.281 34.805 4.828 169394.172
1.735000 69.279 34.803 4.828 169495.570
1.736000 69.276 34.802 4.828 169447.103
1.737000 69.274 34.800 4.828 169429.322
1.738000 69.272 34.798 4.828 169404.563
1.739000 69.269 34.797 4.828 169421.979
1.740000 69.267 34.795 4.828 169280.314
1.741000 69.264 34.793 4.828 169101.095
1.742000 69.262 34.792 4.828 169222.202
1.743000 69.260 34.790 4.828 169337.800
1.744000 69.257 34.788 4.828 169362.464
1.745000 69.255 34.787 4.828 169482.675
1.746000 69.252 34.785 4.828 169420.015
1.747000 69.250 34.783 4.828 169362.287
1.748000 69.248 34.782 4.828 169365.672
1.749000 69.245 34.780 4.828 169367.752
1.750000 69.243 34.778 4.828 169338.506
1.751000 69.241 34.777 4.828 169365.449
1.752000 69.238 34.775 4.828 169247.578
1.753000 69.236 34.773 4.828 169213.431
1.754000 69.233 34.772 4.828 169154.472
1.755000 69.231 34.770 4.828 169252.050
1.756000 69.234 34.742 4.855 169254.639
1.757000 69.231 34.741 4.855 169304.685
1.758000 69.229 34.739 4.855 169376.029
1.759000 69.227 34.737 4.855 169383.824
1.760000 69.224 34.736 4.855 169419.696
1.761000 69.222 34.734 4.855 169386.946
1.762000 69.219 34.732 4.855 169340.325
1.763000 69.217 34.731 4.855 169257.281
1.764000 69.215 34.729 4.855 169221.433
1.765000 69.212 34.727 4.855 169241.830
1.766000 69.210 34.726 4.855 169264.010
1.767000 69.208 34.724 4.855 169338.835
1.768000 69.205 34.722 4.855 169362.186
1.769000 69.203 34.721 4.855 169374.687
1.770000 69.201 34.719 4.855 169226.875
1.771000 69.198 34.717 4.855 169200.256
1.772000 69.196 34.716 4.855 169205.922
1.773000 69.194 34.714 4.855 169214.700
1.774000 69.191 34.712 4.855 169189.467
1.775000 69.189 34.711 4.855 169107.214
1.776000 69.187 34.709 4.855 169217.455
1.777000 69.184 34.708 4.855 169344.286
1.778000 69.182 34.706 4.855 169236.678
1.779000 69.180 34.704 4.855 169246.029
1.780000 69.178 34.703 4.855 169315.772
1.781000 69.175 34.701 4.855 169126.216
1.782000 69.173 34.699 4.855 169113.780
1.783000 69.171 34.698 4.855 169159.799
1.784000 69.168 34.696 4.855 169067.208
1.785000 69.166 34.694 4.855 169122.480
1.786000 69.164 34.693 4.855 168949.907
1.787000 69.161 34.691 4.855 168912.022
1.788000 69.159 34.689 4.855 169099.919
1.789000 69.157 34.688 4.855 169157.136
1.790000 69.155 34.686 4.855 169132.212
1.791000 69.152 34.685 4.855 169156.021
1.792000 69.150 34.683 4.855 169049.578
1.793000 69.148 34.681 4.855 169036.554
1.794000 69.146 34.680 4.855 169097.306
1.795000 69.143 34.678 4.855 169138.556
1.796000 69.141 34.676 4.855 169182.632
1.797000 69.139 34.675 4.855 169065.329
1.798000 69.136 34.673 4.855 169068.592
1.799000 69.134 34.671 4.855 169109.958
1.800000 69.132 34.670 4.855 169121.552
1.801000 69.130 34.668 4.855 168955.003
1.802000 69.127 34.667 4.855 169017.846
1.803000 69.125 34.665 4.855 169001.113
1.804000 69.123 34.663 4.855 169014.295
1.805000 69.121 34.662 4.855 169015.363
1.806000 69.118 34.660 4.855 169004.047
1.807000 69.116 34.658 4.855 168980.840
1.808000 69.114 34.657 4.855 169034.540
1.809000 69.112 34.655 4.855 169152.603
1.810000 69.116 34.617 5.086 169161.166
1.811000 69.114 34.615 5.086 169177.433
1.812000 69.111 34.613 5.086 168963.632
1.813000 69.109 34.612 5.086 169025.295
1.814000 69.107 34.610 5.086 169112.699
1.815000 69.105 34.608 5.086 169081.383
1.816000 69.102 34.607 5.086 169000.978
1.817000 69.100 34.605 5.086 169147.081
1.818000 69.098 34.604 5.086 169256.118
1.819000 69.096 34.602 5.086 169148.748
1.820000 69.093 34.600 5.086 169180.023
1.821000 69.091 34.599 5.086 169127.234
1.822000 69.089 34.597 5.086 169120.312
1.823000 69.087 34.595 5.086 169157.087
1.824000 69.085 34.594 5.086 169228.123
1.825000 69.082 34.592 5.086 169225.812
1.826000 69.080 34.591 5.086 169212.892
1.827000 69.078 34.589 5.086 169199.758
1.828000 69.076 34.587 5.086 169165.312
1.829000 69.073 34.586 5.086 169178.237
1.830000 69.071 34.584 5.086 169223.439
1.831000 69.069 34.582 5.086 169184.777
1.832000 69.067 34.581 5.086 169070.921
1.833000 69.065 34.579 5.086 169073.718
1.834000 69.063 34.578 5.086 169157.840
1.835000 69.060 34.576 5.086 169102.857
1.836000 69.058 34.574 5.086 169069.217
1.837000 69.056 34.573 5.086 168991.352
1.838000 69.054 34.571 5.086 168931.625
1.839000 69.052 34.569 5.086 169014.685
1.840000 69.049 34.568 5.086 168992.411
1.841000 69.047 34.566 5.086 168955.756
1.842000 69.045 34.565 5.086 169054.816
1.843000 69.043 34.563 5.086 169100.113
1.844000 69.041 34.561 5.086 169076.347
1.845000 69.039 34.560 5.086 169056.639
1.846000 69.036 34.558 5.086 169043.016
1.847000 69.034 34.557 5.086 169040.059
1.848000 69.032 34.555 5.086 168919.854
1.849000 69.030 34.553 5.086 168923.977
1.850000 69.028 34.552 5.086 169035.101
1.851000 69.026 34.550 5.086 169056.480
1.852000 69.023 34.548 5.086 169027.430
1.853000 69.021 34.547 5.086 169100.084
1.854000 69.019 34.545 5.086 169038.715
1.855000 69.017 34.544 5.086 169029.738
1.856000 69.015 34.542 5.086 169035.873
1.857000 69.013 34.540 5.086 169126.464
1.858000 69.011 34.539 5.086 169112.679
1.859000 69.008 34.537 5.086 169142.182
1.860000 69.006 34.536 5.086 169037.742
1.861000 69.004 34.534 5.086 168988.156
1.862000 69.002 34.532 5.086 169019.721
1.863000 69.000 34.531 5.086 168977.738
1.864000 68.998 34.529 5.086 169076.703
1.865000 68.996 34.527 5.086 169063.594
1.866000 68.993 34.526 5.086 169036.315
1.867000 68.991 34.524 5.086 169011.940
1.868000 68.989 34.523 5.086 169077.855
1.869000 68.987 34.521 5.086 169119.595
1.870000 68.985 34.519 5.086 169022.638
1.871000 68.983 34.518 5.086 169060.618
1.872000 68.981 34.516 5.086 169035.551
1.873000 68.979 34.515 5.086 169014.836
1.874000 68.977 34.513 5.086 168952.446
1.875000 68.974 34.511 5.086 168894.276
1.876000 68.972 34.510 5.086 168892.162
1.877000 68.970 34.508 5.086 168864.370
1.878000 68.968 34.507 5.086 168908.056
1.879000 68.966 34.505 5.086 168798.876
1.880000 68.964 34.503 5.086 168801.525
1.881000 68.962 34.502 5.086 168807.684
1.882000 68.960 34.500 5.086 168804.585
1.883000 68.958 34.498 5.086 168865.969
1.884000 68.956 34.497 5.086 168817.182
1.885000 68.953 34.495 5.086 168754.290
1.886000 68.951 34.494 5.086 168844.235
1.887000 68.949 34.492 5.086 168941.946
1.888000 68.947 34.490 5.086 169062.120
1.889000 68.945 34.489 5.086 169007.751
1.890000 68.943 34.487 5.086 168960.744
1.891000 68.941 34.486 5.086 168849.695
1.892000 68.939 34.484 5.086 168866.864
1.893000 68.937 34.482 5.086 168857.406
1.894000 68.935 34.481 5.086 168929.936
1.895000 68.933 34.479 5.086 169040.347
1.896000 68.931 34.478 5.086 168980.449
1.897000 68.929 34.476 5.086 168946.024
1.898000 68.927 34.474 5.086 168986.563
1.899000 68.924 34.473 5.086 169023.650
1.900000 68.922 34.471 5.086 168892.688
1.901000 68.920 34.470 5.086 168943.727
1.902000 68.918 34.468 5.086 169036.485
1.903000 68.916 34.466 5.086 169070.459
1.904000 68.914 34.465 5.086 168931.424
1.905000 68.912 34.463 5.086 168830.275
1.906000 68.910 34.462 5.086 168904.192
1.907000 68.908 34.460 5.086 168993.302
1.908000 68.906 34.458 5.086 169039.715
1.909000 68.904 34.457 5.086 168934.089
1.910000 68.902 34.455 5.086 168892.043
1.911000 68.900 34.454 5.086 168875.757
1.912000 68.898 34.452 5.086 168908.493
1.913000 68.896 34.450 5.086 168936.363
1.914000 68.894 34.449 5.086 169003.823
1.915000 68.892 34.447 5.086 169059.046
1.916000 68.890 34.446 5.086 169061.022
1.917000 68.888 34.444 5.086 168997.460
1.918000 68.886 34.442 5.086 168953.713
1.919000 68.884 34.441 5.086 168984.769
1.920000 68.882 34.439 5.086 168901.997
1.921000 68.880 34.438 5.086 168957.200
1.922000 68.878 34.436 5.086 169000.906
1.923000 68.876 34.434 5.086 169000.575
1.924000 68.874 34.433 5.086 169023.422
1.925000 68.872 34.431 5.086 168984.860
1.926000 68.870 34.430 5.086 169106.969
1.927000 68.868 34.428 5.086 169076.568
1.928000 68.866 34.426 5.086 169081.349
1.929000 68.864 34.425 5.086 169040.423
1.930000 68.862 34.423 5.086 169024.622
1.931000 68.860 34.422 5.086 169039.234
1.932000 68.858 34.420 5.086 168924.700
1.933000 68.856 34.418 5.086 168987.027
1.934000 68.854 34.417 5.086 168962.952
1.935000 68.852 34.415 5.086 168898.147
1.936000 68.850 34.414 5.086 168843.333
1.937000 68.848 34.412 5.086 168908.148
1.938000 68.846 34.410 5.086 168949.111
1.939000 68.844 34.409 5.086 168995.557
1.940000 68.842 34.407 5.086 168953.941
1.941000 68.840 34.406 5.086 168871.941
1.942000 68.838 34.404 5.086 168822.002
1.943000 68.836 34.403 5.086 168810.210
1.944000 68.834 34.401 5.086 168813.609
1.945000 68.832 34.399 5.086 168872.032
1.946000 68.830 34.398 5.086 168926.119
1.947000 68.828 34.396 5.086 168941.749
1.948000 68.826 34.395 5.086 168854.318
1.949000 68.824 34.393 5.086 168799.815
1.950000 68.822 34.391 5.086 168766.611
1.951000 68.820 34.390 5.086 168856.217
1.952000 68.818 34.388 5.086 168797.810
1.953000 68.816 34.387 5.086 168842.784
1.954000 68.814 34.385 5.086 168777.666
1.955000 68.812 34.383 5.086 168760.902
1.956000 68.810 34.382 5.086 168715.327
1.957000 68.808 34.380 5.086 168787.704
1.958000 68.806 34.379 5.086 168690.959
1.959000 68.804 34.377 5.086 168735.934
1.960000 68.802 34.375 5.086 168791.689
1.961000 68.800 34.374 5.086 168729.226
1.962000 68.798 34.372 5.086 168837.474
1.963000 68.797 34.371 5.086 168925.049
1.964000 68.795 34.369 5.086 168907.336
1.965000 68.793 34.368 5.086 168926.996
1.966000 68.791 34.366 5.086 168860.494
1.967000 68.789 34.364 5.086 168799.892
1.968000 68.787 34.363 5.086 168896.641
1.969000 68.785 34.361 5.086 168904.883
1.970000 68.781 34.374 4.885 168765.379
1.971000 68.781 34.358 5.086 168855.895
1.972000 68.777 34.371 4.885 168847.289
1.973000 68.775 34.369 4.885 168982.353
1.974000 68.773 34.368 4.885 168860.417
1.975000 68.772 34.366 4.885 168857.792
1.976000 68.770 34.364 4.885 168852.059
1.977000 68.768 34.363 4.885 168844.861
1.978000 68.766 34.361 4.885 168771.432
1.979000 68.764 34.360 4.885 168808.955
1.980000 68.762 34.358 4.885 168909.951
1.981000 68.760 34.356 4.885 168872.308
1.982000 68.758 34.355 4.885 168872.038
1.983000 68.756 34.353 4.885 168895.872
1.984000 68.754 34.352 4.885 168928.456
1.985000 68.752 34.350 4.885 168814.584
1.986000 68.751 34.349 4.885 168763.457
1.987000 68.749 34.347 4.885 168821.910
1.988000 68.747 34.345 4.885 168845.565
1.989000 68.745 34.344 4.885 168771.772
1.990000 68.743 34.342 4.885 168750.199
1.991000 68.741 34.341 4.885 168752.771
1.992000 68.739 34.339 4.885 168701.436
1.993000 68.737 34.337 4.885 168905.168
1.994000 68.735 34.336 4.885 168900.835
1.995000 68.734 34.334 4.885 169002.045
1.996000 68.732 34.333 4.885 168886.729
1.997000 68.730 34.331 4.885 168759.481
1.998000 68.728 34.330 4.885 168647.376
1.999000 68.726 34.328 4.885 168655.116
2.000000 68.724 34.326 4.885 168660.202
