0.002000 81.361 46.010 4.980 101588.905
0.003000 80.483 45.131 5.020 101534.454
0.004000 78.294 43.170 4.993 101508.926
0.005000 78.242 43.222 5.025 101522.766
0.006000 78.191 43.272 5.000 101522.008
0.007000 78.191 43.272 5.000 101519.678
0.008000 78.191 43.272 5.000 101517.875
0.009000 78.190 43.272 5.000 101516.847
0.010000 78.241 43.221 5.025 101516.805
0.011000 78.240 43.220 5.025 101517.378
0.012000 78.258 43.202 4.998 101518.280
0.013000 78.258 43.202 4.998 101519.215
0.014000 78.257 43.201 4.998 101520.017
0.015000 78.257 43.201 4.998 101520.620
0.016000 78.256 43.200 4.998 101521.025
0.017000 78.256 43.200 4.998 101521.238
0.018000 78.255 43.199 4.998 101521.283
0.019000 78.255 43.199 4.998 101521.197
0.020000 78.254 43.198 4.998 101521.018
0.021000 78.254 43.197 4.998 101520.778
0.022000 78.253 43.197 4.998 101520.492
0.023000 78.252 43.196 4.998 101520.158
0.024000 78.234 43.213 5.025 101519.774
0.025000 78.233 43.213 5.025 101519.350
0.026000 78.232 43.212 5.025 101518.924
0.027000 78.231 43.211 5.025 101518.522
0.028000 78.231 43.210 5.025 101518.195
0.029000 78.230 43.210 5.025 101518.005
0.030000 78.229 43.209 5.025 101517.997
0.031000 78.228 43.208 5.025 101518.182
0.032000 78.245 43.189 4.998 101518.514
0.033000 78.244 43.188 4.998 101518.900
0.034000 78.243 43.187 4.998 101519.263
0.035000 78.242 43.186 4.998 101519.546
0.036000 78.241 43.185 4.998 101519.728
0.037000 78.240 43.184 4.998 101519.809
0.038000 78.239 43.183 4.998 101519.813
0.039000 78.238 43.182 4.998 101519.764
0.040000 78.217 43.200 4.972 101519.675
0.041000 78.218 43.197 5.025 101519.568
0.042000 78.216 43.196 5.025 101519.451
0.043000 78.196 43.214 4.999 101519.307
0.044000 78.195 43.212 4.999 101519.102
0.045000 78.194 43.211 4.999 101518.811
0.046000 78.192 43.210 4.999 101518.459
0.047000 78.191 43.209 4.999 101518.131
0.048000 78.189 43.207 4.999 101517.886
0.049000 78.188 43.206 4.999 101517.799
0.050000 78.187 43.204 4.999 101517.894
0.051000 78.185 43.203 4.999 101518.131
0.052000 78.184 43.201 4.999 101518.467
0.053000 78.182 43.200 4.999 101518.851
0.054000 78.181 43.198 4.999 101519.240
0.055000 78.179 43.197 4.999 101519.606
0.056000 78.177 43.195 4.999 101519.932
0.057000 78.215 43.154 5.055 101520.222
0.058000 78.214 43.152 5.055 101520.519
0.059000 78.331 43.032 5.086 101520.809
0.060000 78.329 43.030 5.086 101521.121
0.061000 78.327 43.028 5.086 101521.477
0.062000 78.325 43.026 5.086 101521.864
0.063000 78.323 43.025 5.086 101522.248
0.064000 78.322 43.023 5.086 101522.565
0.065000 78.320 43.021 5.086 101522.742
0.066000 78.318 43.019 5.086 101522.731
0.067000 78.316 43.017 5.086 101522.548
0.068000 78.248 43.081 4.805 101522.269
0.069000 78.223 43.102 4.787 101521.973
0.070000 78.221 43.100 4.787 101521.762
0.071000 78.147 43.170 4.769 101521.547
0.072000 78.144 43.168 4.769 101521.343
0.073000 78.142 43.166 4.769 101521.205
0.074000 78.140 43.164 4.769 101521.180
0.075000 78.211 43.089 4.787 101521.281
0.076000 78.209 43.087 4.787 101521.550
0.077000 78.295 42.996 5.086 101521.863
0.078000 78.293 42.994 5.086 101522.183
0.079000 78.290 42.992 5.086 101522.546
0.080000 78.288 42.989 5.086 101523.002
0.081000 78.286 42.987 5.086 101523.536
0.082000 78.283 42.985 5.086 101524.069
0.083000 78.290 42.974 5.050 101524.520
0.084000 78.296 42.962 4.980 101524.862
0.085000 78.294 42.960 4.980 101525.137
0.086000 78.291 42.957 4.980 101525.418
0.087000 78.289 42.955 4.980 101525.761
0.088000 78.286 42.952 4.980 101526.169
0.089000 78.284 42.950 4.980 101526.554
0.090000 78.281 42.947 4.980 101526.945
0.091000 78.279 42.944 4.980 101527.332
0.092000 78.276 42.942 4.980 101527.702
0.093000 78.189 43.023 4.805 101528.054
0.094000 78.187 43.020 4.805 101528.380
0.095000 78.161 43.040 4.787 101528.674
0.096000 78.086 43.110 4.769 101528.923
0.097000 78.083 43.107 4.769 101529.080
0.098000 78.080 43.105 5.229 101529.166
0.099000 78.077 43.102 5.229 101529.205
0.100000 78.074 43.099 5.229 101529.176
0.101000 78.071 43.096 5.229 101529.112
0.102000 78.069 43.093 4.769 101529.065
0.103000 78.066 43.090 4.769 101529.060
0.104000 78.063 43.087 4.769 101529.102
0.105000 78.060 43.084 4.769 101529.173
0.106000 78.057 43.080 4.769 101529.248
0.107000 78.054 43.077 4.769 101529.317
0.108000 78.050 43.075 5.229 101529.377
0.109000 78.047 43.072 5.229 101529.482
0.110000 78.044 43.069 5.229 101529.631
0.111000 78.040 43.065 5.229 101529.816
0.112000 78.133 42.966 4.805 101530.026
0.113000 78.129 42.963 4.805 101530.246
0.114000 78.126 42.960 4.805 101530.446
0.115000 78.123 42.957 4.805 101530.592
0.116000 78.120 42.953 4.805 101530.653
0.117000 77.872 43.194 5.017 101530.614
0.118000 77.869 43.190 5.017 101530.571
0.119000 77.865 43.187 5.017 101530.560
0.120000 77.862 43.183 5.017 101530.514
0.121000 77.859 43.180 5.017 101530.453
0.122000 77.855 43.176 5.017 101530.400
0.123000 77.851 43.173 5.017 101530.373
0.124000 77.848 43.169 5.017 101530.376
0.125000 77.844 43.166 5.017 101530.411
0.126000 77.841 43.162 5.017 101530.493
0.127000 77.837 43.158 5.017 101530.645
0.128000 77.833 43.155 5.017 101530.906
0.129000 77.830 43.151 5.017 101531.283
0.130000 77.826 43.147 5.017 101531.738
0.131000 77.822 43.143 5.017 101532.216
0.132000 77.818 43.140 5.017 101532.688
0.133000 77.814 43.136 5.017 101533.170
0.134000 77.810 43.132 5.017 101533.703
0.135000 77.807 43.128 5.017 101534.322
0.136000 77.803 43.124 5.017 101535.031
0.137000 77.799 43.120 5.017 101535.795
0.138000 77.795 43.116 5.017 101536.538
0.139000 77.791 43.112 5.017 101537.176
0.140000 77.787 43.108 5.017 101537.638
0.141000 77.783 43.104 5.017 101537.895
0.142000 77.778 43.100 5.017 101537.969
0.143000 77.774 43.096 5.017 101537.932
0.144000 77.770 43.092 5.017 101537.895
0.145000 77.766 43.087 5.017 101537.983
0.146000 77.762 43.083 5.017 101538.291
0.147000 77.758 43.079 5.017 101538.869
0.148000 77.753 43.075 5.017 101539.711
0.149000 77.749 43.070 5.017 101540.768
0.150000 77.745 43.066 5.017 101541.958
0.151000 77.740 43.062 5.017 101543.183
0.152000 77.736 43.057 5.017 101544.355
0.153000 77.732 43.053 5.017 101545.423
0.154000 77.727 43.048 5.017 101546.380
0.155000 77.723 43.044 5.017 101547.248
0.156000 77.718 43.039 5.017 101548.044
0.157000 77.714 43.035 5.017 101548.769
0.158000 77.709 43.030 5.017 101549.411
0.159000 77.704 43.026 5.017 101549.965
0.160000 77.700 43.021 5.017 101550.442
0.161000 77.695 43.016 5.017 101550.877
0.162000 77.690 43.012 5.017 101551.313
0.163000 77.686 43.007 5.017 101551.800
0.164000 77.681 43.002 5.017 101552.382
0.165000 77.676 42.998 5.017 101553.089
0.166000 77.671 42.993 5.017 101553.923
0.167000 77.667 42.988 5.017 101554.850
0.168000 77.662 42.983 5.017 101555.819
0.169000 77.657 42.978 5.017 101556.761
0.170000 77.652 42.973 5.017 101557.609
0.171000 77.647 42.968 5.017 101558.335
0.172000 77.642 42.963 5.017 101558.952
0.173000 77.637 42.958 5.017 101559.500
0.174000 77.632 42.953 5.017 101560.002
0.175000 77.627 42.948 5.017 101560.453
0.176000 77.622 42.943 5.017 101560.846
0.177000 77.617 42.938 5.017 101561.193
0.178000 77.612 42.933 5.017 101561.528
0.179000 77.607 42.928 5.017 101561.890
0.180000 77.601 42.923 5.017 101562.314
0.181000 77.596 42.917 5.017 101562.791
0.182000 77.591 42.912 5.017 101563.320
0.183000 77.586 42.907 5.017 101563.880
0.184000 77.580 42.902 5.017 101564.445
0.185000 77.575 42.896 5.017 101564.977
0.186000 77.570 42.891 5.017 101565.444
0.187000 77.564 42.886 5.017 101565.811
0.188000 77.559 42.880 5.017 101566.098
0.189000 77.553 42.875 5.017 101566.374
0.190000 77.548 42.869 5.017 101566.730
0.191000 77.542 42.864 5.017 101567.259
0.192000 77.537 42.858 5.017 101567.996
0.193000 77.531 42.853 5.017 101568.902
0.194000 77.526 42.847 5.017 101569.923
0.195000 77.524 42.838 5.054 101571.004
0.196000 77.518 42.832 5.054 101572.109
0.197000 77.512 42.826 5.054 101573.210
0.198000 77.507 42.821 5.054 101574.266
0.199000 77.501 42.815 5.054 101575.227
0.200000 77.495 42.809 5.054 101576.057
0.201000 77.489 42.803 5.054 101576.762
0.202000 77.483 42.797 5.054 101577.394
0.203000 77.478 42.792 5.054 101578.034
0.204000 77.472 42.786 5.054 101578.769
0.205000 77.466 42.780 5.054 101579.651
0.206000 77.460 42.774 5.054 101580.692
0.207000 77.454 42.768 5.054 101581.857
0.208000 77.448 42.762 5.054 101583.070
0.209000 77.442 42.756 5.054 101584.239
0.210000 77.436 42.750 5.054 101585.281
0.211000 77.430 42.744 5.054 101586.151
0.212000 77.424 42.737 5.054 101586.846
0.213000 77.417 42.731 5.054 101587.399
0.214000 77.411 42.725 5.054 101587.869
0.215000 77.405 42.719 5.054 101588.317
0.216000 77.399 42.713 5.054 101588.798
0.217000 77.393 42.706 5.054 101589.343
0.218000 77.386 42.700 5.054 101589.956
0.219000 77.380 42.694 5.054 101590.606
0.220000 77.374 42.687 5.054 101591.246
0.221000 77.363 42.685 5.017 101591.820
0.222000 77.357 42.678 5.017 101592.287
0.223000 77.351 42.672 5.017 101592.638
0.224000 77.344 42.666 5.017 101592.894
0.225000 77.338 42.659 5.017 101593.127
0.226000 77.331 42.653 5.017 101593.357
0.227000 77.325 42.646 5.017 101593.629
0.228000 77.318 42.639 5.017 101593.980
0.229000 77.311 42.633 5.017 101594.439
0.230000 77.305 42.626 5.017 101595.015
0.231000 77.298 42.619 5.017 101595.691
0.232000 77.291 42.613 5.017 101596.418
0.233000 77.285 42.606 5.017 101597.137
0.234000 77.278 42.599 5.017 101597.811
0.235000 77.271 42.592 5.017 101598.439
0.236000 77.264 42.586 5.017 101599.052
0.237000 77.257 42.579 5.017 101599.695
0.238000 77.251 42.572 5.017 101600.406
0.239000 77.244 42.565 5.017 101601.191
0.240000 77.237 42.558 5.017 101602.020
0.241000 77.230 42.551 5.017 101602.829
0.242000 77.223 42.544 5.017 101603.564
0.243000 77.216 42.537 5.017 101604.193
0.244000 77.209 42.530 5.017 101604.716
0.245000 77.202 42.523 5.017 101605.030
0.246000 77.195 42.516 5.017 101600.550
0.247000 77.188 42.509 5.017 101598.497
0.248000 77.181 42.502 5.017 101597.754
0.249000 77.173 42.495 5.017 101597.458
0.250000 77.166 42.488 5.017 101597.212
0.251000 77.159 42.481 5.017 101596.880
0.252000 77.152 42.474 5.017 101596.416
0.253000 77.145 42.467 5.017 101595.825
0.254000 77.138 42.459 5.017 101595.161
0.255000 77.131 42.452 5.017 101594.506
0.256000 77.124 42.445 5.017 101593.947
0.257000 77.117 42.438 5.017 101593.552
0.258000 77.110 42.431 5.017 101593.347
0.259000 77.103 42.424 5.017 101593.328
0.260000 77.096 42.417 5.017 101593.453
0.261000 77.089 42.410 5.017 101593.676
0.262000 77.082 42.403 5.017 101593.938
0.263000 77.074 42.396 5.017 101594.201
0.264000 77.067 42.389 5.017 101594.454
0.265000 77.060 42.382 5.017 101594.711
0.266000 77.053 42.375 5.017 101595.007
0.267000 77.046 42.368 5.017 101595.370
0.268000 77.039 42.360 5.017 101595.802
0.269000 77.032 42.353 5.017 101596.280
0.270000 77.025 42.346 5.017 101596.769
0.271000 77.018 42.339 5.017 101597.241
0.272000 77.011 42.332 5.017 101597.686
0.273000 77.004 42.325 5.017 101598.112
0.274000 76.997 42.318 5.017 101598.521
0.275000 76.990 42.311 5.017 101598.920
0.276000 76.983 42.304 5.017 101599.273
0.277000 76.975 42.297 5.017 101599.535
0.278000 76.968 42.290 5.017 101599.671
0.279000 76.961 42.283 5.017 101599.667
0.280000 76.954 42.276 5.017 101599.549
0.281000 76.947 42.269 5.017 101599.346
0.282000 76.940 42.261 5.017 101599.108
0.283000 76.933 42.254 5.017 101598.858
0.284000 76.926 42.247 5.017 101598.631
0.285000 76.919 42.240 5.017 101598.463
0.286000 76.912 42.233 5.017 101598.368
0.287000 76.905 42.226 5.017 101598.335
0.288000 76.898 42.219 5.017 101598.339
0.289000 76.891 42.212 5.017 101598.351
0.290000 76.884 42.205 5.017 101598.385
0.291000 76.876 42.198 5.017 101598.472
0.292000 76.869 42.191 5.017 101598.659
0.293000 76.862 42.184 5.017 101598.992
0.294000 76.855 42.177 5.017 101599.490
0.295000 76.848 42.170 5.017 101600.144
0.296000 76.841 42.162 5.017 101600.930
0.297000 76.834 42.155 5.017 101601.805
0.298000 76.827 42.148 5.017 101602.720
0.299000 76.820 42.141 5.017 101603.630
0.300000 76.813 42.134 5.017 101604.494
0.301000 76.806 42.127 5.017 101605.293
0.302000 76.799 42.120 5.017 101606.020
0.303000 76.792 42.113 5.017 101606.666
0.304000 76.785 42.106 5.017 101607.223
0.305000 76.777 42.099 5.017 101607.672
0.306000 76.770 42.092 5.017 101608.000
0.307000 76.763 42.085 5.017 101608.205
0.308000 76.756 42.078 5.017 101608.300
0.309000 76.749 42.071 5.017 101608.316
0.310000 76.742 42.063 5.017 101608.273
0.311000 76.735 42.056 5.017 101608.176
0.312000 76.728 42.049 5.017 101608.017
0.313000 76.721 42.042 5.017 101607.793
0.314000 76.714 42.035 5.017 101607.511
0.315000 76.707 42.028 5.017 101607.199
0.316000 76.700 42.021 5.017 101606.886
0.317000 76.693 42.014 5.017 101606.602
0.318000 76.686 42.007 5.017 101606.371
0.319000 76.678 42.000 5.017 101606.213
0.320000 76.671 41.993 5.017 101606.138
0.321000 76.664 41.986 5.017 101606.148
0.322000 76.657 41.979 5.017 101606.237
0.323000 76.650 41.972 5.017 101606.417
0.324000 76.643 41.964 5.017 101606.709
0.325000 76.636 41.957 5.017 101607.141
0.326000 76.629 41.950 5.017 101607.723
0.327000 76.622 41.943 5.017 101608.438
0.328000 76.615 41.936 5.017 101609.237
0.329000 76.608 41.929 5.017 101610.061
0.330000 76.601 41.922 5.017 101610.861
0.331000 76.594 41.915 5.017 101611.617
0.332000 76.587 41.908 5.017 101612.318
0.333000 76.579 41.901 5.017 101612.958
0.334000 76.572 41.894 5.017 101613.514
0.335000 76.565 41.887 5.017 101613.947
0.336000 76.558 41.880 5.017 101614.235
0.337000 76.551 41.873 5.017 101614.377
0.338000 76.544 41.865 5.017 101614.397
0.339000 76.537 41.858 5.017 101614.328
0.340000 76.530 41.851 5.017 101614.194
0.341000 76.523 41.844 5.017 101614.014
0.342000 76.516 41.837 5.017 101613.803
0.343000 76.509 41.830 5.017 101613.584
0.344000 76.502 41.823 5.017 101613.367
0.345000 76.495 41.816 5.017 101613.156
0.346000 76.488 41.809 5.017 101612.958
0.347000 76.480 41.802 5.017 101612.793
0.348000 76.473 41.795 5.017 101612.691
0.349000 76.466 41.788 5.017 101612.673
0.350000 76.459 41.781 5.017 101612.744
0.351000 76.452 41.774 5.017 101612.907
0.352000 76.445 41.766 5.017 101613.156
0.353000 76.438 41.759 5.017 101613.490
0.354000 76.431 41.752 5.017 101613.905
0.355000 76.424 41.745 5.017 101614.384
0.356000 76.417 41.738 5.017 101614.918
0.357000 76.410 41.731 5.017 101615.506
0.358000 76.403 41.724 5.017 101616.147
0.359000 76.396 41.717 5.017 101616.838
0.360000 76.389 41.710 5.017 101617.551
0.361000 76.381 41.703 5.017 101618.247
0.362000 76.374 41.696 5.017 101618.873
0.363000 76.677 41.379 5.086 101619.599
0.364000 76.670 41.372 5.086 101620.163
0.365000 76.663 41.364 5.086 101620.553
0.366000 76.656 41.357 5.086 101620.771
0.367000 76.649 41.350 5.086 101620.855
0.368000 76.642 41.343 5.086 101621.429
0.369000 76.635 41.336 5.086 101622.064
0.370000 76.628 41.329 5.086 101622.491
0.371000 76.621 41.322 5.086 101622.720
0.372000 76.614 41.315 5.086 101622.899
0.373000 76.607 41.308 5.086 101623.120
0.374000 76.600 41.301 5.086 101623.413
0.375000 76.593 41.293 5.086 101623.772
0.376000 76.586 41.286 5.086 101624.186
0.377000 76.578 41.279 5.086 101624.690
0.378000 76.571 41.272 5.086 101625.244
0.379000 76.564 41.265 5.086 101625.823
0.380000 76.557 41.258 5.086 101626.426
0.381000 76.550 41.250 5.086 101627.109
0.382000 76.543 41.243 5.086 101627.904
0.383000 76.536 41.236 5.086 101628.830
0.384000 76.529 41.229 5.086 101629.907
0.385000 76.522 41.221 5.086 101631.142
0.386000 76.515 41.214 5.086 101632.421
0.387000 76.508 41.207 5.086 101633.672
0.388000 76.501 41.200 5.086 101634.838
0.389000 76.494 41.192 5.086 101635.866
0.390000 76.487 41.185 5.086 101636.741
0.391000 76.479 41.178 5.086 101637.444
0.392000 76.472 41.170 5.086 101637.959
0.393000 76.465 41.163 5.086 101638.280
0.394000 76.458 41.156 5.086 101638.448
0.395000 76.451 41.148 5.086 101638.479
0.396000 76.444 41.141 5.086 101638.384
0.397000 76.437 41.134 5.086 101638.165
0.398000 76.430 41.126 5.086 101637.850
0.399000 76.423 41.119 5.086 101637.488
0.400000 76.416 41.112 5.086 101637.137
0.401000 76.409 41.104 5.086 101636.846
0.402000 76.402 41.097 5.086 101636.661
0.403000 76.395 41.089 5.086 101636.610
0.404000 76.388 41.082 5.086 101636.707
0.405000 76.380 41.075 5.086 101636.935
0.406000 76.373 41.067 5.086 101637.299
0.407000 76.366 41.060 5.086 101637.809
0.408000 76.359 41.052 5.086 101638.441
0.409000 76.352 41.045 5.086 101639.166
0.410000 76.345 41.037 5.086 101639.966
0.411000 76.338 41.030 5.086 101640.836
0.412000 76.331 41.022 5.086 101641.798
0.413000 76.324 41.015 5.086 101642.817
0.414000 76.317 41.007 5.086 101643.902
0.415000 76.310 41.000 5.086 101645.035
0.416000 76.303 40.992 5.086 101646.157
0.417000 76.296 40.985 5.086 101647.258
0.418000 76.243 41.022 4.828 101648.535
0.419000 76.236 41.015 4.828 101650.264
0.420000 76.229 41.007 4.828 101651.972
0.421000 76.222 41.000 4.828 101653.780
0.422000 76.215 40.992 4.828 101655.484
0.423000 76.208 40.984 4.828 101657.212
0.424000 76.201 40.977 4.828 101658.834
0.425000 76.194 40.969 4.828 101660.396
0.426000 76.187 40.961 4.828 101662.114
0.427000 76.180 40.954 4.828 101663.694
0.428000 76.173 40.946 4.828 101665.372
0.429000 76.165 40.938 4.828 101666.837
0.430000 76.158 40.931 4.828 101668.021
0.431000 76.151 40.923 4.828 101669.282
0.432000 76.144 40.915 4.828 101670.413
0.433000 76.137 40.908 4.828 101671.168
0.434000 76.130 40.900 4.828 101671.544
0.435000 76.123 40.892 4.828 101672.036
0.436000 76.116 40.884 4.828 101672.393
0.437000 76.128 40.858 4.855 101672.414
0.438000 76.121 40.850 4.855 101672.744
0.439000 76.114 40.842 4.855 101672.765
0.440000 76.107 40.835 4.855 101672.818
0.441000 76.099 40.827 4.855 101673.003
0.442000 76.092 40.819 4.855 101673.127
0.443000 76.085 40.811 4.855 101673.675
0.444000 76.078 40.803 4.855 101674.614
0.445000 76.071 40.795 4.855 101675.546
0.446000 76.064 40.788 4.855 101676.837
0.447000 76.057 40.780 4.855 101678.089
0.448000 76.076 40.745 5.086 101680.701
0.449000 76.069 40.738 5.086 101684.495
0.450000 76.062 40.730 5.086 101688.050
0.451000 76.043 40.734 5.120 101691.931
0.452000 76.036 40.726 5.120 101696.898
0.453000 76.029 40.718 5.120 101702.550
0.454000 76.022 40.710 5.120 101708.049
0.455000 76.015 40.702 5.120 101713.524
0.456000 76.008 40.694 5.120 101721.034
0.457000 76.001 40.686 5.120 101728.170
0.458000 75.994 40.678 5.120 101736.488
0.459000 75.987 40.670 5.120 101745.901
0.460000 75.980 40.662 5.120 101755.362
0.461000 75.973 40.654 5.120 101770.104
0.462000 75.966 40.646 5.120 101783.744
0.463000 75.959 40.638 5.120 101800.945
0.464000 75.951 40.630 5.120 101824.358
0.465000 75.944 40.622 5.120 101848.595
0.466000 75.937 40.614 5.120 101880.203
0.467000 75.930 40.606 5.120 101920.594
0.468000 75.923 40.598 5.120 101964.660
0.469000 75.916 40.590 5.120 102013.049
0.470000 75.894 40.597 5.150 102111.085
0.471000 75.887 40.589 5.150 102224.437
0.472000 75.895 40.566 5.120 102330.143
0.473000 75.888 40.558 5.120 102417.515
0.474000 75.881 40.550 5.120 102489.282
0.475000 75.874 40.541 5.120 102552.152
0.476000 75.867 40.533 5.120 102604.424
0.477000 75.860 40.525 5.120 102644.355
0.478000 75.853 40.517 5.120 102674.162
0.479000 75.845 40.509 5.120 102698.621
0.480000 75.838 40.501 5.120 102718.341
0.481000 75.831 40.492 5.120 102728.993
0.482000 75.824 40.484 5.120 102732.268
0.483000 75.817 40.476 5.120 102734.068
0.484000 75.810 40.468 5.120 102738.454
0.485000 75.803 40.460 5.120 102747.329
0.486000 75.796 40.451 5.120 102762.811
0.487000 75.774 40.459 5.150 102817.425
0.488000 75.766 40.450 5.150 102903.834
0.489000 75.759 40.442 5.150 103006.806
0.490000 75.752 40.434 5.150 103111.695
0.491000 75.745 40.425 5.150 103235.480
0.492000 75.738 40.417 5.150 103406.232
0.493000 75.731 40.409 5.150 103606.974
0.494000 75.685 40.440 4.805 103868.082
0.495000 75.717 40.392 5.150 104043.372
0.496000 75.710 40.384 5.150 104295.909
0.497000 75.703 40.376 5.150 104549.452
0.498000 75.696 40.367 5.150 104808.715
0.499000 75.689 40.359 5.150 105014.510
0.500000 75.682 40.351 5.150 105120.802
0.501000 75.690 40.327 5.120 105217.733
0.502000 75.683 40.318 5.120 105300.227
0.503000 75.676 40.310 5.120 105349.750
0.504000 75.669 40.302 5.120 105381.146
0.505000 75.662 40.293 5.120 105389.594
0.506000 75.684 40.255 4.980 105549.602
0.507000 75.677 40.247 4.980 105953.234
0.508000 75.670 40.238 4.980 106138.086
0.509000 75.663 40.230 4.980 106115.222
0.510000 75.656 40.221 4.980 106062.112
0.511000 75.649 40.213 4.980 106012.870
0.512000 75.642 40.204 4.980 105976.948
0.513000 75.635 40.196 4.980 105955.366
0.514000 75.628 40.187 4.980 105948.090
0.515000 75.621 40.179 4.980 105945.285
0.516000 75.614 40.170 4.980 105925.967
0.517000 75.607 40.162 4.980 105918.033
0.518000 75.599 40.153 4.980 105918.567
0.519000 75.592 40.145 4.980 105923.266
0.520000 75.585 40.136 4.980 105931.765
0.521000 75.578 40.128 4.980 105944.891
0.522000 75.571 40.119 4.980 105963.647
0.523000 75.564 40.110 4.980 105983.243
0.524000 75.557 40.102 4.980 106003.606
0.525000 75.541 40.102 5.050 106042.530
0.526000 75.534 40.094 5.050 106121.254
0.527000 75.527 40.085 5.050 106204.301
0.528000 75.520 40.076 5.050 106290.563
0.529000 75.513 40.068 5.050 106380.350
0.530000 75.506 40.059 5.050 106476.162
0.531000 75.499 40.050 5.050 106564.702
0.532000 75.492 40.042 5.050 106642.339
0.533000 75.484 40.033 5.050 106721.391
0.534000 75.477 40.024 5.050 106809.269
0.535000 75.462 40.024 5.086 106920.541
0.536000 75.455 40.016 5.086 107083.064
0.537000 75.448 40.007 5.086 107286.290
0.538000 75.441 39.998 5.086 107559.746
0.539000 75.434 39.989 5.086 107869.589
0.540000 75.426 39.981 5.086 108280.504
0.541000 75.419 39.972 5.086 108733.211
0.542000 75.412 39.963 5.086 109211.819
0.543000 75.405 39.954 5.086 109791.025
0.544000 75.398 39.946 5.086 110373.307
0.545000 75.391 39.937 5.086 110950.823
0.546000 75.384 39.928 5.086 111651.686
0.547000 75.377 39.919 5.086 112291.710
0.548000 75.370 39.910 5.086 112884.718
0.549000 75.363 39.901 5.086 113443.405
0.550000 75.356 39.893 5.086 113961.932
0.551000 75.349 39.884 5.086 114595.695
0.552000 75.342 39.875 5.086 115346.887
0.553000 75.335 39.866 5.086 116158.496
0.554000 75.328 39.857 5.086 117152.752
0.555000 75.321 39.848 5.086 118527.757
0.556000 75.314 39.839 5.086 120250.994
0.557000 75.307 39.830 5.086 123325.547
0.558000 75.300 39.822 5.086 127682.796
0.559000 75.293 39.813 5.086 132841.324
0.560000 75.286 39.804 5.086 138316.352
0.561000 75.278 39.795 5.086 144069.047
0.562000 75.271 39.786 5.086 150450.356
0.563000 75.264 39.777 5.086 157662.090
0.564000 75.257 39.768 5.086 165461.774
0.565000 75.250 39.759 5.086 173785.196
0.566000 75.243 39.750 5.086 183531.293
0.567000 75.236 39.741 5.086 193241.728
0.568000 75.229 39.732 5.086 201533.894
0.569000 75.222 39.723 5.086 208703.991
0.570000 75.215 39.714 5.086 215159.129
0.571000 75.208 39.705 5.086 218817.756
0.572000 75.201 39.696 5.086 221234.002
0.573000 75.194 39.687 5.086 222289.202
0.574000 75.187 39.678 5.086 223525.863
0.575000 75.180 39.669 5.086 224578.238
0.576000 75.173 39.660 5.086 224895.470
0.577000 75.166 39.651 5.086 224744.997
0.578000 75.159 39.641 5.086 224183.455
0.579000 75.152 39.632 5.086 223502.011
0.580000 75.145 39.623 5.086 222769.615
0.581000 75.138 39.614 5.086 221976.323
0.582000 75.132 39.605 5.086 221170.010
0.583000 75.125 39.596 5.086 220376.309
0.584000 75.118 39.587 5.086 219642.743
0.585000 75.111 39.578 5.086 218963.568
0.586000 75.104 39.569 5.086 218320.861
0.587000 75.097 39.559 5.086 217694.012
0.588000 75.090 39.550 5.086 217088.292
0.589000 75.083 39.541 5.086 216397.464
0.590000 75.076 39.532 5.086 215539.953
0.591000 75.070 39.523 5.086 214656.957
0.592000 75.063 39.513 5.086 213814.145
0.593000 75.056 39.504 5.086 212969.544
0.594000 75.049 39.495 5.086 212100.479
0.595000 75.042 39.486 5.086 211202.052
0.596000 75.036 39.477 5.086 210284.890
0.597000 75.029 39.467 5.086 209337.621
0.598000 75.022 39.458 5.086 208338.583
0.599000 75.015 39.449 5.086 207281.644
0.600000 75.009 39.440 5.086 206179.121
0.601000 75.002 39.431 5.086 205079.385
0.602000 74.995 39.421 5.086 203988.837
0.603000 74.989 39.412 5.086 202921.050
0.604000 74.982 39.403 5.086 201872.425
0.605000 74.975 39.394 5.086 200845.850
0.606000 74.969 39.384 5.086 199844.416
0.607000 74.962 39.375 5.086 198860.129
0.608000 74.955 39.366 5.086 197865.869
0.609000 74.949 39.357 5.086 196895.126
0.610000 74.942 39.347 5.086 195958.110
0.611000 74.936 39.338 5.086 195025.885
0.612000 74.929 39.329 5.086 194140.957
0.613000 74.922 39.320 5.086 193322.330
0.614000 74.916 39.310 5.086 192566.343
0.615000 74.909 39.301 5.086 191873.336
0.616000 74.903 39.292 5.086 191235.014
0.617000 74.896 39.283 5.086 190671.539
0.618000 74.890 39.273 5.086 190160.472
0.619000 74.883 39.264 5.086 189710.847
0.620000 74.877 39.255 5.086 189320.735
0.621000 74.879 39.237 5.050 189007.009
0.622000 74.872 39.228 5.050 188726.424
0.623000 74.866 39.218 5.050 188482.459
0.624000 74.859 39.209 5.050 188270.508
0.625000 74.853 39.200 5.050 188076.090
0.626000 74.847 39.190 5.050 187913.895
0.627000 74.840 39.181 5.050 187777.463
0.628000 74.834 39.172 5.050 187673.037
0.629000 74.827 39.163 5.050 187584.203
0.630000 74.821 39.153 5.050 187496.620
0.631000 74.815 39.144 5.050 187438.075
0.632000 74.808 39.135 5.050 187382.284
0.633000 74.802 39.125 5.050 187332.021
0.634000 74.795 39.116 5.050 187289.237
0.635000 74.789 39.107 5.050 187260.572
0.636000 74.783 39.097 5.050 187206.994
0.637000 74.776 39.088 5.050 187171.458
0.638000 74.770 39.079 5.050 187082.827
0.639000 74.764 39.069 5.050 186927.508
0.640000 74.757 39.060 5.050 186754.344
0.641000 74.742 39.059 5.086 186638.498
0.642000 74.736 39.050 5.086 186547.001
0.643000 74.730 39.041 5.086 186446.827
0.644000 74.724 39.031 5.086 186361.107
0.645000 74.717 39.022 5.086 186286.552
0.646000 74.711 39.013 5.086 186234.465
0.647000 74.705 39.003 5.086 186156.260
0.648000 74.698 38.994 5.086 186083.303
0.649000 74.692 38.984 5.086 185993.685
0.650000 74.686 38.975 5.086 185950.114
0.651000 74.680 38.966 5.086 185954.374
0.652000 74.673 38.956 5.086 185928.659
0.653000 74.667 38.947 5.086 185896.103
0.654000 74.661 38.938 5.086 185817.648
0.655000 74.655 38.928 5.086 185772.082
0.656000 74.649 38.919 5.086 185716.848
0.657000 74.642 38.910 5.086 185635.046
0.658000 74.636 38.900 5.086 185530.547
0.659000 74.630 38.891 5.086 185451.934
0.660000 74.624 38.882 5.086 185383.695
0.661000 74.617 38.872 5.086 185313.144
0.662000 74.611 38.863 5.086 185220.476
0.663000 74.605 38.854 5.086 185173.341
0.664000 74.599 38.844 5.086 185152.059
0.665000 74.593 38.835 5.086 185109.768
0.666000 74.587 38.826 5.086 185051.450
0.667000 74.580 38.816 5.086 185046.542
0.668000 74.574 38.807 5.086 185013.277
0.669000 74.568 38.798 5.086 184949.550
0.670000 74.562 38.788 5.086 184856.454
0.671000 74.556 38.779 5.086 184792.391
0.672000 74.550 38.770 5.086 184699.053
0.673000 74.543 38.760 5.086 184643.315
0.674000 74.537 38.751 5.086 184577.387
0.675000 74.531 38.742 5.086 184516.698
0.676000 74.525 38.732 5.086 184449.993
0.677000 74.519 38.723 5.086 184416.239
0.678000 74.513 38.714 5.086 184401.518
0.679000 74.507 38.704 5.086 184339.303
0.680000 74.500 38.695 5.086 184324.861
0.681000 74.494 38.686 5.086 184264.922
0.682000 74.488 38.676 5.086 184256.584
0.683000 74.482 38.667 5.086 184307.759
0.684000 74.476 38.658 5.086 184335.000
0.685000 74.470 38.649 5.086 184311.565
0.686000 74.464 38.639 5.086 184284.583
0.687000 74.458 38.630 5.086 184210.479
0.688000 74.451 38.621 5.086 184093.601
0.689000 74.445 38.611 5.086 183999.702
0.690000 74.439 38.602 5.086 183980.973
0.691000 74.433 38.593 5.086 184043.450
0.692000 74.427 38.583 5.086 184047.199
0.693000 74.421 38.574 5.086 184080.976
0.694000 74.415 38.565 5.086 184069.619
0.695000 74.409 38.556 5.086 184075.034
0.696000 74.403 38.546 5.086 184000.133
0.697000 74.397 38.537 5.086 183973.208
0.698000 74.390 38.528 5.086 183956.589
0.699000 74.384 38.518 5.086 184012.095
0.700000 74.378 38.509 5.086 184057.554
0.701000 74.372 38.500 5.086 184093.812
0.702000 74.366 38.491 5.086 184091.546
0.703000 74.360 38.481 5.086 183993.063
0.704000 74.354 38.472 5.086 183953.664
0.705000 74.348 38.463 5.086 183928.710
0.706000 74.342 38.454 5.086 183860.396
0.707000 74.336 38.444 5.086 183818.396
0.708000 74.330 38.435 5.086 183862.169
0.709000 74.324 38.426 5.086 183932.335
0.710000 74.317 38.417 5.086 183873.774
0.711000 74.311 38.407 5.086 183883.270
0.712000 74.305 38.398 5.086 183908.989
0.713000 74.299 38.389 5.086 183944.875
0.714000 74.293 38.380 5.086 183992.550
0.715000 74.287 38.370 5.086 184112.979
0.716000 74.281 38.361 5.086 184147.311
0.717000 74.275 38.352 5.086 184063.339
0.718000 74.269 38.343 5.086 184044.554
0.719000 74.263 38.334 5.086 184089.501
0.720000 74.257 38.324 5.086 184021.392
0.721000 74.251 38.315 5.086 183950.355
0.722000 74.244 38.306 5.086 184004.192
0.723000 74.238 38.297 5.086 184104.811
0.724000 74.232 38.288 5.086 184090.604
0.725000 74.226 38.279 5.086 184110.271
0.726000 74.220 38.269 5.086 184050.528
0.727000 74.214 38.260 5.086 184075.772
0.728000 74.208 38.251 5.086 184069.072
0.729000 74.202 38.242 5.086 184097.590
0.730000 74.196 38.233 5.086 184100.781
0.731000 74.190 38.224 5.086 184163.355
0.732000 74.183 38.215 5.086 184315.544
0.733000 74.177 38.205 5.086 184191.612
0.734000 74.171 38.196 5.086 184126.362
0.735000 74.165 38.187 5.086 184164.626
0.736000 74.159 38.178 5.086 184172.868
0.737000 74.153 38.169 5.086 184138.861
0.738000 74.147 38.160 5.086 184189.048
0.739000 74.141 38.151 5.086 184143.631
0.740000 74.135 38.142 5.086 184142.863
0.741000 74.129 38.133 5.086 184178.168
0.742000 74.122 38.124 5.086 184169.694
0.743000 74.116 38.115 5.086 184164.590
0.744000 74.110 38.106 5.086 184180.295
0.745000 74.104 38.096 5.086 184357.355
0.746000 74.098 38.087 5.086 184474.032
0.747000 74.092 38.078 5.086 184408.079
0.748000 74.086 38.069 5.086 184398.936
0.749000 74.079 38.060 5.086 184475.378
0.750000 74.073 38.051 5.086 184540.508
0.751000 74.067 38.042 5.086 184570.899
0.752000 74.061 38.033 5.086 184505.717
0.753000 74.055 38.024 5.086 184387.156
0.754000 74.049 38.015 5.086 184432.757
0.755000 74.043 38.006 5.086 184385.319
0.756000 74.036 37.997 5.086 184326.030
0.757000 74.030 37.989 5.086 184336.945
0.758000 74.024 37.980 5.086 184343.993
0.759000 74.018 37.971 5.086 184478.816
0.760000 74.012 37.962 5.086 184563.102
0.761000 74.006 37.953 5.086 184596.820
0.762000 73.999 37.944 5.086 184549.307
0.763000 73.993 37.935 5.086 184507.730
0.764000 73.987 37.926 5.086 184540.768
0.765000 73.981 37.917 5.086 184726.907
0.766000 73.975 37.908 5.086 184774.439
0.767000 73.968 37.899 5.086 184842.375
0.768000 73.962 37.891 5.086 184807.907
0.769000 73.956 37.882 5.086 184677.938
0.770000 73.950 37.873 5.086 184553.674
0.771000 73.943 37.864 5.086 184504.426
0.772000 73.937 37.855 5.086 184589.338
0.773000 73.931 37.846 5.086 184677.064
0.774000 73.925 37.838 5.086 184718.620
0.775000 73.918 37.829 5.086 184655.267
0.776000 73.912 37.820 5.086 184647.913
0.777000 73.906 37.811 5.086 184656.055
0.778000 73.900 37.802 5.086 184724.788
0.779000 73.893 37.794 5.086 184790.785
0.780000 73.887 37.785 5.086 184785.389
0.781000 73.881 37.776 5.086 184866.794
0.782000 73.875 37.767 5.086 184976.982
0.783000 73.868 37.759 5.086 184996.548
0.784000 73.862 37.750 5.086 184926.656
0.785000 73.856 37.741 5.086 184784.383
0.786000 73.849 37.733 5.086 184756.518
0.787000 73.843 37.724 5.086 184738.202
0.788000 73.837 37.715 5.086 184802.511
0.789000 73.830 37.707 5.086 184806.342
0.790000 73.824 37.698 5.086 184883.805
0.791000 73.818 37.689 5.086 184984.015
0.792000 73.811 37.681 5.086 184964.176
0.793000 73.805 37.672 5.086 184824.109
0.794000 73.799 37.663 5.086 184671.069
0.795000 73.792 37.655 5.086 184895.936
0.796000 73.786 37.646 5.086 185050.398
0.797000 73.780 37.638 5.086 185032.961
0.798000 73.773 37.629 5.086 184937.699
0.799000 73.767 37.621 5.086 184974.143
0.800000 73.760 37.612 5.086 185070.826
0.801000 73.754 37.604 5.086 184919.068
0.802000 73.748 37.595 5.086 184976.551
0.803000 73.741 37.587 5.086 184991.049
0.804000 73.735 37.578 5.086 185044.075
0.805000 73.728 37.570 5.086 185026.415
0.806000 73.722 37.561 5.086 184981.110
0.807000 73.715 37.553 5.086 184961.988
0.808000 73.709 37.544 5.086 184923.069
0.809000 73.702 37.536 5.086 184887.261
0.810000 73.696 37.527 5.086 184862.562
0.811000 73.689 37.519 5.086 184932.685
0.812000 73.683 37.511 5.086 184971.406
0.813000 73.676 37.502 5.086 185085.039
0.814000 73.670 37.494 5.086 185120.384
0.815000 73.663 37.485 5.086 185152.417
0.816000 73.657 37.477 5.086 185036.527
0.817000 73.650 37.469 5.086 185108.331
0.818000 73.644 37.460 5.086 185274.959
0.819000 73.637 37.452 5.086 185174.983
0.820000 73.631 37.444 5.086 185222.522
0.821000 73.624 37.436 5.086 185053.239
0.822000 73.618 37.427 5.086 184983.312
0.823000 73.611 37.419 5.086 184943.768
0.824000 73.604 37.411 5.086 184998.355
0.825000 73.598 37.403 5.086 185022.094
0.826000 73.591 37.394 5.086 185021.320
0.827000 73.585 37.386 5.086 185259.557
0.828000 73.578 37.378 5.086 185088.622
0.829000 73.571 37.370 5.086 184978.521
0.830000 73.565 37.362 5.086 184929.384
0.831000 73.558 37.354 5.086 184974.252
0.832000 73.551 37.346 5.086 184985.985
0.833000 73.545 37.337 5.086 184981.307
0.834000 73.538 37.329 5.086 184942.293
0.835000 73.531 37.321 5.086 185222.209
0.836000 73.525 37.313 5.086 185390.051
0.837000 73.518 37.305 5.086 185216.280
0.838000 73.511 37.297 5.086 184916.946
0.839000 73.505 37.289 5.086 184826.704
0.840000 73.498 37.281 5.086 184895.067
0.841000 73.491 37.273 5.086 184858.471
0.842000 73.484 37.265 5.086 184926.413
0.843000 73.478 37.257 5.086 184963.281
0.844000 73.471 37.249 5.086 184875.675
0.845000 73.464 37.241 5.086 184985.051
0.846000 73.457 37.233 5.086 184985.814
0.847000 73.451 37.226 5.086 184864.281
0.848000 73.444 37.218 5.086 184787.159
0.849000 73.437 37.210 5.086 184857.916
0.850000 73.430 37.202 5.086 184943.839
0.851000 73.423 37.194 5.086 184910.211
0.852000 73.416 37.186 5.086 184768.176
0.853000 73.410 37.179 5.086 184854.069
0.854000 73.403 37.171 5.086 184938.094
0.855000 73.396 37.163 5.086 184894.233
0.856000 73.389 37.155 5.086 184769.584
0.857000 73.382 37.147 5.086 184687.723
0.858000 73.375 37.140 5.086 184611.308
0.859000 73.368 37.132 5.086 184689.913
0.860000 73.361 37.124 5.086 184660.665
0.861000 73.355 37.117 5.086 184599.860
0.862000 73.348 37.109 5.086 184550.329
0.863000 73.341 37.101 5.086 184585.639
0.864000 73.334 37.094 5.086 184644.935
0.865000 73.327 37.086 5.086 184549.125
0.866000 73.320 37.079 5.086 184482.693
0.867000 73.313 37.071 5.086 184721.179
0.868000 73.306 37.064 5.086 184705.898
0.869000 73.299 37.056 5.086 184720.362
0.870000 73.292 37.048 5.086 184592.318
0.871000 73.285 37.041 5.086 184731.271
0.872000 73.278 37.034 5.086 184783.049
0.873000 73.271 37.026 5.086 184623.146
0.874000 73.264 37.019 5.086 184510.290
0.875000 73.257 37.011 5.086 184429.799
0.876000 73.250 37.004 5.086 184500.452
0.877000 73.242 36.996 5.086 184524.711
0.878000 73.235 36.989 5.086 184477.807
0.879000 73.228 36.982 5.086 184480.849
0.880000 73.221 36.974 5.086 184458.988
0.881000 73.214 36.967 5.086 184462.811
0.882000 73.207 36.960 5.086 184444.445
0.883000 73.200 36.952 5.086 184447.018
0.884000 73.193 36.945 5.086 184622.373
0.885000 73.186 36.938 5.086 184790.313
0.886000 73.178 36.931 5.086 184741.948
0.887000 73.171 36.923 5.086 184694.079
0.888000 73.164 36.916 5.086 184588.515
0.889000 73.157 36.909 5.086 184564.294
0.890000 73.150 36.902 5.086 184678.849
0.891000 73.143 36.895 5.086 184622.300
0.892000 73.135 36.888 5.086 184527.379
0.893000 73.128 36.880 5.086 184622.511
0.894000 73.121 36.873 5.086 184624.894
0.895000 73.114 36.866 5.086 184630.436
0.896000 73.106 36.859 5.086 184564.281
0.897000 73.099 36.852 5.086 184511.062
0.898000 73.092 36.845 5.086 184588.656
0.899000 73.085 36.838 5.086 184588.966
0.900000 73.077 36.831 5.086 184607.297
0.901000 73.070 36.824 5.086 184661.637
0.902000 73.063 36.817 5.086 184738.297
0.903000 73.056 36.810 5.086 184756.012
0.904000 73.048 36.803 5.086 184608.594
0.905000 73.041 36.796 5.086 184732.432
0.906000 73.034 36.789 5.086 184707.139
0.907000 73.026 36.783 5.086 184656.372
0.908000 73.019 36.776 5.086 184870.455
0.909000 73.012 36.769 5.086 184938.657
0.910000 73.004 36.762 5.086 184992.924
0.911000 72.997 36.755 5.086 185052.487
0.912000 72.990 36.748 5.086 185278.813
0.913000 72.982 36.742 5.086 185149.221
0.914000 72.975 36.735 5.086 185119.541
0.915000 72.968 36.728 5.086 185106.832
0.916000 72.960 36.721 5.086 185182.812
0.917000 72.953 36.715 5.086 185303.191
0.918000 72.946 36.708 5.086 185534.136
0.919000 72.938 36.701 5.086 185480.582
0.920000 72.931 36.695 5.086 185577.879
0.921000 72.924 36.688 5.086 185497.816
0.922000 72.916 36.681 5.086 185632.396
0.923000 72.909 36.675 5.086 185669.724
0.924000 72.901 36.668 5.086 185940.005
0.925000 72.894 36.661 5.086 185893.947
0.926000 72.887 36.655 5.086 185860.502
0.927000 72.879 36.648 5.086 185877.114
0.928000 72.872 36.641 5.086 185985.080
0.929000 72.865 36.635 5.086 185968.012
0.930000 72.857 36.628 5.086 185948.069
0.931000 72.850 36.622 5.086 186194.731
0.932000 72.842 36.615 5.086 186273.965
0.933000 72.835 36.609 5.086 186292.056
0.934000 72.828 36.602 5.086 186209.573
0.935000 72.820 36.596 5.086 186238.898
0.936000 72.813 36.589 5.086 186426.467
0.937000 72.806 36.583 5.086 186548.131
0.938000 72.798 36.576 5.086 186382.195
0.939000 72.791 36.570 5.086 186339.451
0.940000 72.784 36.563 5.086 186436.370
0.941000 72.776 36.557 5.086 186440.192
0.942000 72.769 36.550 5.086 186487.302
0.943000 72.762 36.544 5.086 186450.633
0.944000 72.754 36.537 5.086 186288.874
0.945000 72.747 36.531 5.086 186137.170
0.946000 72.740 36.524 5.086 186033.866
0.947000 72.732 36.518 5.086 186032.835
0.948000 72.725 36.512 5.086 185898.425
0.949000 72.718 36.505 5.086 185786.455
0.950000 72.710 36.499 5.086 185730.271
0.951000 72.703 36.492 5.086 185658.078
0.952000 72.696 36.486 5.086 185357.956
0.953000 72.688 36.480 5.086 185293.803
0.954000 72.681 36.473 5.086 185059.335
0.955000 72.674 36.467 5.086 185149.210
0.956000 72.667 36.460 5.086 185021.569
0.957000 72.659 36.454 5.086 184800.833
0.958000 72.652 36.448 5.086 184632.830
0.959000 72.645 36.441 5.086 184402.677
0.960000 72.637 36.435 5.086 184373.779
0.961000 72.630 36.429 5.086 184463.538
0.962000 72.623 36.423 5.086 184301.794
0.963000 72.616 36.416 5.086 184097.566
0.964000 72.608 36.410 5.086 184011.555
0.965000 72.601 36.404 5.086 183918.162
0.966000 72.594 36.397 5.086 183898.507
0.967000 72.587 36.391 5.086 183836.444
0.968000 72.579 36.385 5.086 183730.845
0.969000 72.572 36.379 5.086 183596.722
0.970000 72.565 36.373 5.086 183609.536
0.971000 72.558 36.366 5.086 183424.944
0.972000 72.550 36.360 5.086 183315.365
0.973000 72.543 36.354 5.086 183481.213
0.974000 72.536 36.348 5.086 183651.436
0.975000 72.529 36.342 5.086 183508.838
0.976000 72.521 36.336 5.086 183582.954
0.977000 72.514 36.329 5.086 183429.442
0.978000 72.507 36.323 5.086 183408.491
0.979000 72.500 36.317 5.086 183607.908
0.980000 72.492 36.311 5.086 183443.116
0.981000 72.485 36.305 5.086 183449.788
0.982000 72.478 36.299 5.086 183481.769
0.983000 72.471 36.293 5.086 183337.807
0.984000 72.463 36.287 5.086 183368.757
0.985000 72.456 36.281 5.086 183316.160
0.986000 72.449 36.275 5.086 183286.892
0.987000 72.442 36.269 5.086 183259.106
0.988000 72.435 36.263 5.086 183082.836
0.989000 72.427 36.257 5.086 183112.718
0.990000 72.420 36.251 5.086 183173.720
0.991000 72.413 36.245 5.086 183027.073
0.992000 72.406 36.239 5.086 183014.589
0.993000 72.399 36.233 5.086 183290.589
0.994000 72.391 36.227 5.086 183127.216
0.995000 72.384 36.221 5.086 182803.491
0.996000 72.377 36.215 5.086 182739.690
0.997000 72.370 36.209 5.086 182617.582
0.998000 72.363 36.203 5.086 182864.912
0.999000 72.356 36.197 5.086 182740.089
1.000000 72.348 36.191 5.086 182471.179
1.001000 72.341 36.185 5.086 182368.649
1.002000 72.334 36.180 5.086 182353.298
1.003000 72.327 36.174 5.086 182129.027
1.004000 72.320 36.168 5.086 182179.877
1.005000 72.313 36.162 5.086 182038.053
1.006000 72.306 36.156 5.086 182081.938
1.007000 72.298 36.150 5.086 181856.545
1.008000 72.291 36.145 5.086 181900.595
1.009000 72.284 36.139 5.086 181838.583
1.010000 72.277 36.133 5.086 181617.305
1.011000 72.270 36.127 5.086 181472.126
1.012000 72.263 36.121 5.086 181509.547
1.013000 72.256 36.116 5.086 181412.247
1.014000 72.249 36.110 5.086 181295.507
1.015000 72.241 36.104 5.086 181298.108
1.016000 72.234 36.098 5.086 181298.524
1.017000 72.227 36.093 5.086 181239.725
1.018000 72.220 36.087 5.086 181038.638
1.019000 72.213 36.081 5.086 180908.450
1.020000 72.206 36.075 5.086 180907.651
1.021000 72.199 36.070 5.086 180820.101
1.022000 72.192 36.064 5.086 180993.457
1.023000 72.185 36.058 5.086 180897.832
1.024000 72.178 36.053 5.086 180663.008
1.025000 72.171 36.047 5.086 180556.581
1.026000 72.164 36.041 5.086 180591.196
1.027000 72.157 36.036 5.086 180534.024
1.028000 72.149 36.030 5.086 180443.086
1.029000 72.142 36.024 5.086 180334.669
1.030000 72.135 36.019 5.086 180238.251
1.031000 72.128 36.013 5.086 180275.475
1.032000 72.121 36.008 5.086 180198.477
1.033000 72.114 36.002 5.086 180260.383
1.034000 72.107 35.996 5.086 180372.346
1.035000 72.100 35.991 5.086 180196.927
1.036000 72.093 35.985 5.086 180098.705
1.037000 72.086 35.980 5.086 180039.772
1.038000 72.079 35.974 5.086 179996.084
1.039000 72.072 35.969 5.086 179964.317
1.040000 72.065 35.963 5.086 179882.580
1.041000 72.058 35.958 5.086 179930.383
1.042000 72.051 35.952 5.086 179778.026
1.043000 72.044 35.947 5.086 179727.389
1.044000 72.037 35.941 5.086 179647.087
1.045000 72.030 35.936 5.086 179473.961
1.046000 72.023 35.930 5.086 179387.466
1.047000 72.016 35.925 5.086 179342.555
1.048000 72.009 35.919 5.086 179129.326
1.049000 72.002 35.914 5.086 179049.007
1.050000 71.995 35.909 5.086 178955.958
1.051000 71.988 35.903 5.086 179036.275
1.052000 71.981 35.898 5.086 178911.895
1.053000 71.975 35.892 5.086 178757.094
1.054000 71.968 35.887 5.086 178593.338
1.055000 71.961 35.882 5.086 178671.525
1.056000 71.954 35.876 5.086 178481.841
1.057000 71.947 35.871 5.086 178431.572
1.058000 71.940 35.865 5.086 178382.173
1.059000 71.933 35.860 5.086 178435.936
1.060000 71.926 35.855 5.086 178434.802
1.061000 71.919 35.849 5.086 178244.875
1.062000 71.912 35.844 5.086 178078.321
1.063000 71.905 35.839 5.086 178097.088
1.064000 71.898 35.833 5.086 178174.077
1.065000 71.892 35.828 5.086 178074.332
1.066000 71.885 35.823 5.086 178133.056
1.067000 71.878 35.818 5.086 178059.184
1.068000 71.871 35.812 5.086 177925.127
1.069000 71.864 35.807 5.086 177874.479
1.070000 71.857 35.802 5.086 178030.548
1.071000 71.850 35.797 5.086 177920.060
1.072000 71.843 35.791 5.086 177835.525
1.073000 71.837 35.786 5.086 177657.325
1.074000 71.830 35.781 5.086 177557.270
1.075000 71.823 35.776 5.086 177527.907
1.076000 71.816 35.771 5.086 177306.415
1.077000 71.809 35.766 5.086 177121.691
1.078000 71.802 35.760 5.086 176998.866
1.079000 71.795 35.755 5.086 177187.238
1.080000 71.789 35.750 5.086 177179.220
1.081000 71.782 35.745 5.086 177091.669
1.082000 71.775 35.740 5.086 177287.433
1.083000 71.768 35.735 5.086 177324.759
1.084000 71.761 35.730 5.086 177234.432
1.085000 71.755 35.724 5.086 177469.714
1.086000 71.748 35.719 5.086 177325.221
1.087000 71.741 35.714 5.086 177208.218
1.088000 71.734 35.709 5.086 177143.500
1.089000 71.727 35.704 5.086 177126.971
1.090000 71.721 35.699 5.086 176896.792
1.091000 71.714 35.694 5.086 176719.787
1.092000 71.707 35.689 5.086 176739.706
1.093000 71.700 35.684 5.086 176662.020
1.094000 71.694 35.679 5.086 176511.549
1.095000 71.687 35.674 5.086 176491.518
1.096000 71.680 35.669 5.086 176380.539
1.097000 71.673 35.664 5.086 176348.747
1.098000 71.667 35.659 5.086 176293.908
1.099000 71.660 35.654 5.086 176414.282
1.100000 71.653 35.649 5.086 176197.393
1.101000 71.646 35.644 5.086 176273.097
1.102000 71.640 35.639 5.086 176254.173
1.103000 71.633 35.634 5.086 176355.935
1.104000 71.626 35.629 5.086 176222.024
1.105000 71.619 35.625 5.086 176090.998
1.106000 71.613 35.620 5.086 175863.434
1.107000 71.606 35.615 5.086 175621.631
1.108000 71.599 35.610 5.086 175598.435
1.109000 71.593 35.605 5.086 175637.228
1.110000 71.586 35.600 5.086 175557.041
1.111000 71.579 35.595 5.086 175712.567
1.112000 71.573 35.590 5.086 175517.353
1.113000 71.566 35.586 5.086 175444.716
1.114000 71.559 35.581 5.086 175563.983
1.115000 71.553 35.576 5.086 175472.622
1.116000 71.546 35.571 5.086 175264.245
1.117000 71.539 35.566 5.086 175235.453
1.118000 71.533 35.562 5.086 175357.370
1.119000 71.526 35.557 5.086 175224.209
1.120000 71.519 35.552 5.086 175097.871
1.121000 71.513 35.547 5.086 175114.433
1.122000 71.506 35.543 5.086 175136.844
1.123000 71.500 35.538 5.086 174945.939
1.124000 71.493 35.533 5.086 174818.506
1.125000 71.486 35.528 5.086 174858.412
1.126000 71.480 35.524 5.086 174828.069
1.127000 71.473 35.519 5.086 174795.294
1.128000 71.467 35.514 5.086 174725.388
1.129000 71.460 35.510 5.086 174653.604
1.130000 71.453 35.505 5.086 174602.260
1.131000 71.447 35.500 5.086 174452.633
1.132000 71.440 35.496 5.086 174545.534
1.133000 71.434 35.491 5.086 174775.964
1.134000 71.427 35.486 5.086 174744.453
1.135000 71.421 35.482 5.086 174673.423
1.136000 71.414 35.477 5.086 174720.680
1.137000 71.408 35.473 5.086 174611.427
1.138000 71.401 35.468 5.086 174542.209
1.139000 71.395 35.463 5.086 174531.996
1.140000 71.388 35.459 5.086 174307.010
1.141000 71.381 35.454 5.086 174317.533
1.142000 71.375 35.450 5.086 174420.893
1.143000 71.368 35.445 5.086 174258.653
1.144000 71.362 35.441 5.086 174145.315
1.145000 71.355 35.436 5.086 174140.109
1.146000 71.349 35.432 5.086 174310.210
1.147000 71.342 35.427 5.086 174295.601
1.148000 71.336 35.423 5.086 174130.278
1.149000 71.330 35.418 5.086 174037.553
1.150000 71.323 35.414 5.086 173976.461
1.151000 71.317 35.409 5.086 174034.068
1.152000 71.310 35.405 5.086 173732.228
1.153000 71.304 35.400 5.086 173752.976
1.154000 71.297 35.396 5.086 173586.877
1.155000 71.291 35.391 5.086 173467.708
1.156000 71.284 35.387 5.086 173430.551
1.157000 71.278 35.382 5.086 173459.686
1.158000 71.272 35.378 5.086 173482.386
1.159000 71.265 35.374 5.086 173199.684
1.160000 71.259 35.369 5.086 173090.562
1.161000 71.252 35.365 5.086 173255.418
1.162000 71.246 35.360 5.086 173405.409
1.163000 71.239 35.356 5.086 173243.155
1.164000 71.233 35.352 5.086 173188.258
1.165000 71.227 35.347 5.086 173294.128
1.166000 71.220 35.343 5.086 173147.896
1.167000 71.214 35.339 5.086 173041.083
1.168000 71.208 35.334 5.086 172984.296
1.169000 71.201 35.330 5.086 173074.352
1.170000 71.195 35.326 5.086 172872.223
1.171000 71.189 35.321 5.086 172745.992
1.172000 71.182 35.317 5.086 172589.956
1.173000 71.176 35.313 5.086 172742.850
1.174000 71.169 35.309 5.086 172788.685
1.175000 71.163 35.304 5.086 172818.074
1.176000 71.157 35.300 5.086 172794.143
1.177000 71.150 35.296 5.086 172825.952
1.178000 71.144 35.292 5.086 172718.932
1.179000 71.138 35.287 5.086 172651.806
1.180000 71.132 35.283 5.086 172683.427
1.181000 71.125 35.279 5.086 172812.894
1.182000 71.119 35.275 5.086 172659.057
1.183000 71.113 35.271 5.086 172502.959
1.184000 71.106 35.266 5.086 172409.268
1.185000 71.100 35.262 5.086 172397.161
1.186000 71.094 35.258 5.086 172339.455
1.187000 71.088 35.254 5.086 172227.357
1.188000 71.081 35.250 5.086 172107.941
1.189000 71.075 35.246 5.086 171924.863
1.190000 71.069 35.241 5.086 171855.803
1.191000 71.062 35.237 5.086 171876.148
1.192000 71.056 35.233 5.086 171929.294
1.193000 71.050 35.229 5.086 171925.314
1.194000 71.044 35.225 5.086 171815.805
1.195000 71.038 35.221 5.086 171753.063
1.196000 71.031 35.217 5.086 171818.131
1.197000 71.025 35.213 5.086 171874.343
1.198000 71.019 35.209 5.086 171926.853
1.199000 71.013 35.204 5.086 172004.477
1.200000 71.006 35.200 5.086 171784.183
1.201000 71.000 35.196 5.086 171815.268
1.202000 70.994 35.192 5.086 171701.433
1.203000 70.988 35.188 5.086 171684.490
1.204000 70.982 35.184 5.086 171566.245
1.205000 70.975 35.180 5.086 171584.954
1.206000 70.969 35.176 5.086 171404.878
1.207000 70.963 35.172 5.086 171459.714
1.208000 70.957 35.168 5.086 171362.384
1.209000 70.951 35.164 5.086 171199.601
1.210000 70.945 35.160 5.086 171254.177
1.211000 70.938 35.156 5.086 171295.217
1.212000 70.902 35.209 4.828 171262.215
1.213000 70.896 35.205 4.828 171210.750
1.214000 70.890 35.201 4.828 171099.113
1.215000 70.884 35.197 4.828 171290.247
1.216000 70.878 35.193 4.828 171303.867
1.217000 70.872 35.190 4.828 171182.105
1.218000 70.866 35.186 4.828 171049.293
1.219000 70.860 35.182 4.828 171090.336
1.220000 70.854 35.178 4.828 171092.654
1.221000 70.848 35.174 4.828 171239.259
1.222000 70.842 35.170 4.828 171112.200
1.223000 70.836 35.166 4.828 171071.820
1.224000 70.830 35.162 4.828 171030.449
1.225000 70.823 35.159 4.828 171023.155
1.226000 70.817 35.155 4.828 171003.424
1.227000 70.811 35.151 4.828 171028.686
1.228000 70.805 35.147 4.828 170963.981
1.229000 70.799 35.143 4.828 171040.872
1.230000 70.793 35.139 4.828 171032.678
1.231000 70.787 35.136 4.828 171032.592
1.232000 70.781 35.132 4.828 170991.801
1.233000 70.775 35.128 4.828 170965.530
1.234000 70.769 35.124 4.828 171137.397
1.235000 70.763 35.121 4.828 171187.118
1.236000 70.757 35.117 4.828 171047.216
1.237000 70.751 35.113 4.828 171000.787
1.238000 70.745 35.109 4.828 171004.467
1.239000 70.739 35.106 4.828 171082.747
1.240000 70.733 35.102 4.828 171001.036
1.241000 70.727 35.098 4.828 171126.984
1.242000 70.721 35.094 4.828 170944.127
1.243000 70.716 35.091 4.828 170852.275
1.244000 70.710 35.087 4.828 170967.185
1.245000 70.704 35.083 4.828 170922.883
1.246000 70.698 35.080 4.828 170976.298
1.247000 70.692 35.076 4.828 170948.329
1.248000 70.686 35.072 4.828 170898.477
1.249000 70.680 35.069 4.828 170847.317
1.250000 70.674 35.065 4.828 170714.475
1.251000 70.668 35.061 4.828 170735.622
1.252000 70.662 35.058 4.828 170881.565
1.253000 70.656 35.054 4.828 170761.345
1.254000 70.650 35.050 4.828 170726.170
1.255000 70.644 35.047 4.828 170905.798
1.256000 70.639 35.043 4.828 170907.729
1.257000 70.633 35.040 4.828 170815.623
1.258000 70.627 35.036 4.828 170788.681
1.259000 70.621 35.032 4.828 170892.995
1.260000 70.615 35.029 4.828 170937.816
1.261000 70.609 35.025 4.828 170994.608
1.262000 70.603 35.022 4.828 170873.955
1.263000 70.597 35.018 4.828 170843.802
1.264000 70.592 35.015 4.828 170929.431
1.265000 70.586 35.011 4.828 170938.079
1.266000 70.580 35.007 4.828 170682.489
1.267000 70.574 35.004 4.828 170646.519
1.268000 70.568 35.000 4.828 170987.231
1.269000 70.562 34.997 4.828 170941.183
1.270000 70.557 34.993 4.828 170985.917
1.271000 70.551 34.990 4.828 171009.451
1.272000 70.545 34.986 4.828 170954.049
1.273000 70.539 34.983 4.828 171007.765
1.274000 70.533 34.979 4.828 170845.390
1.275000 70.528 34.976 4.828 170840.255
1.276000 70.522 34.972 4.828 170879.026
1.277000 70.516 34.969 4.828 171029.091
1.278000 70.510 34.965 4.828 171020.846
1.279000 70.504 34.962 4.828 171149.390
1.280000 70.499 34.959 4.828 170991.546
1.281000 70.493 34.955 4.828 170989.886
1.282000 70.487 34.952 4.828 170873.669
1.283000 70.481 34.948 4.828 170928.249
1.284000 70.475 34.945 4.828 170921.827
1.285000 70.470 34.941 4.828 170958.270
1.286000 70.464 34.938 4.828 171041.082
1.287000 70.458 34.935 4.828 171078.143
1.288000 70.452 34.931 4.828 171185.035
1.289000 70.447 34.928 4.828 171122.711
1.290000 70.441 34.925 4.828 170972.285
1.291000 70.435 34.921 4.828 170885.665
1.292000 70.430 34.918 4.828 170799.161
1.293000 70.424 34.914 4.828 170795.621
1.294000 70.418 34.911 4.828 170797.398
1.295000 70.412 34.908 4.828 170827.919
1.296000 70.407 34.904 4.828 170840.556
1.297000 70.401 34.901 4.828 170701.586
1.298000 70.395 34.898 4.828 170787.762
1.299000 70.390 34.894 4.828 170812.166
1.300000 70.384 34.891 4.828 170778.055
1.301000 70.378 34.888 4.828 170672.815
1.302000 70.373 34.885 4.828 170760.037
1.303000 70.367 34.881 4.828 170670.777
1.304000 70.361 34.878 4.828 170748.058
1.305000 70.356 34.875 4.828 170755.562
1.306000 70.350 34.871 4.828 170780.488
1.307000 70.344 34.868 4.828 170612.803
1.308000 70.339 34.865 4.828 170830.802
1.309000 70.333 34.862 4.828 170818.541
1.310000 70.327 34.858 4.828 170891.509
1.311000 70.322 34.855 4.828 170949.133
1.312000 70.316 34.852 4.828 170924.602
1.313000 70.310 34.849 4.828 170842.673
1.314000 70.305 34.846 4.828 170634.093
1.315000 70.299 34.842 4.828 170781.663
1.316000 70.294 34.839 4.828 170745.118
1.317000 70.288 34.836 4.828 170733.630
1.318000 70.282 34.833 4.828 170679.967
1.319000 70.277 34.830 4.828 170597.966
1.320000 70.271 34.826 4.828 170408.382
1.321000 70.266 34.823 4.828 170519.439
1.322000 70.260 34.820 4.828 170752.724
1.323000 70.254 34.817 4.828 170654.183
1.324000 70.249 34.814 4.828 170767.100
1.325000 70.243 34.811 4.828 170754.692
1.326000 70.238 34.807 4.828 170860.804
1.327000 70.232 34.804 4.828 170896.617
1.328000 70.227 34.801 4.828 171186.153
1.329000 70.221 34.798 4.828 171023.912
1.330000 70.216 34.795 4.828 170909.803
1.331000 70.210 34.792 4.828 170778.970
1.332000 70.204 34.789 4.828 170785.803
1.333000 70.199 34.786 4.828 170758.763
1.334000 70.193 34.783 4.828 170849.541
1.335000 70.188 34.779 4.828 170820.382
1.336000 70.182 34.776 4.828 170838.456
1.337000 70.177 34.773 4.828 170999.016
1.338000 70.171 34.770 4.828 170865.705
1.339000 70.166 34.767 4.828 170740.693
1.340000 70.160 34.764 4.828 170723.942
1.341000 70.155 34.761 4.828 170760.642
1.342000 70.149 34.758 4.828 170911.508
1.343000 70.144 34.755 4.828 170908.563
1.344000 70.138 34.752 4.828 170890.836
1.345000 70.133 34.749 4.828 170887.474
1.346000 70.127 34.746 4.828 171044.171
1.347000 70.122 34.743 4.828 170987.492
1.348000 70.116 34.740 4.828 171136.850
1.349000 70.111 34.737 4.828 171071.782
1.350000 70.105 34.734 4.828 170752.102
1.351000 70.100 34.731 4.828 170768.069
1.352000 70.095 34.728 4.828 170817.687
1.353000 70.089 34.725 4.828 170865.747
1.354000 70.084 34.722 4.828 170780.944
1.355000 70.078 34.719 4.828 170661.829
1.356000 70.073 34.716 4.828 170544.515
1.357000 70.067 34.713 4.828 170698.929
1.358000 70.062 34.710 4.828 170620.840
1.359000 70.057 34.707 4.828 170686.627
1.360000 70.051 34.704 4.828 170832.831
1.361000 70.046 34.701 4.828 170872.712
1.362000 70.040 34.698 4.828 171019.369
1.363000 70.035 34.696 4.828 170841.538
1.364000 70.030 34.693 4.828 170978.086
1.365000 70.024 34.690 4.828 170904.912
1.366000 70.019 34.687 4.828 171047.469
1.367000 70.013 34.684 4.828 170938.603
1.368000 70.008 34.681 4.828 171012.614
1.369000 70.003 34.678 4.828 170906.302
1.370000 69.997 34.675 4.828 170847.203
1.371000 69.992 34.672 4.828 170812.670
1.372000 69.987 34.670 4.828 170757.844
1.373000 69.981 34.667 4.828 170878.865
1.374000 69.976 34.664 4.828 170935.274
1.375000 69.970 34.661 4.828 170845.908
1.376000 69.965 34.658 4.828 170773.002
1.377000 69.960 34.655 4.828 170994.649
1.378000 69.954 34.653 4.828 170763.049
1.379000 69.949 34.650 4.828 170680.752
1.380000 69.944 34.647 4.828 170797.362
1.381000 69.938 34.644 4.828 170974.748
1.382000 69.933 34.641 4.828 171011.323
1.383000 69.928 34.638 4.828 170956.084
1.384000 69.922 34.636 4.828 171032.057
1.385000 69.917 34.633 4.828 171134.599
1.386000 69.912 34.630 4.828 171137.656
1.387000 69.907 34.627 4.828 171206.733
1.388000 69.901 34.625 4.828 171033.275
1.389000 69.896 34.622 4.828 170963.639
1.390000 69.891 34.619 4.828 171018.600
1.391000 69.885 34.616 4.828 170957.079
1.392000 69.880 34.614 4.828 170920.287
1.393000 69.875 34.611 4.828 171008.086
1.394000 69.870 34.608 4.828 170817.818
1.395000 69.864 34.605 4.828 170644.839
1.396000 69.859 34.603 4.828 170726.139
1.397000 69.854 34.600 4.828 170819.563
1.398000 69.849 34.597 4.828 170820.372
1.399000 69.843 34.594 4.828 170984.827
1.400000 69.838 34.592 4.828 170914.133
1.401000 69.833 34.589 4.828 170831.942
1.402000 69.828 34.586 4.828 170859.440
1.403000 69.822 34.584 4.828 170825.976
1.404000 69.817 34.581 4.828 171245.431
1.405000 69.812 34.578 4.828 171297.002
1.406000 69.807 34.576 4.828 171285.211
1.407000 69.802 34.573 4.828 171018.830
1.408000 69.796 34.570 4.828 171231.619
1.409000 69.791 34.568 4.828 171115.475
1.410000 69.786 34.565 4.828 171050.096
1.411000 69.781 34.562 4.828 171114.224
1.412000 69.776 34.560 4.828 171110.110
1.413000 69.770 34.557 4.828 171064.898
1.414000 69.765 34.554 4.828 170999.549
1.415000 69.760 34.552 4.828 170823.589
1.416000 69.755 34.549 4.828 170926.489
1.417000 69.750 34.547 4.828 170991.633
1.418000 69.744 34.544 4.828 171055.889
1.419000 69.739 34.541 4.828 171019.535
1.420000 69.734 34.539 4.828 171071.156
1.421000 69.729 34.536 4.828 171077.637
1.422000 69.724 34.534 4.828 171042.667
1.423000 69.719 34.531 4.828 170968.049
1.424000 69.714 34.528 4.828 171115.087
1.425000 69.708 34.526 4.828 171148.115
1.426000 69.703 34.523 4.828 171368.932
1.427000 69.698 34.521 4.828 171280.511
1.428000 69.693 34.518 4.828 171220.900
1.429000 69.688 34.516 4.828 171227.550
1.430000 69.683 34.513 4.828 171245.957
1.431000 69.678 34.511 4.828 171250.737
1.432000 69.673 34.508 4.828 171082.380
1.433000 69.667 34.505 4.828 171079.701
1.434000 69.662 34.503 4.828 171193.426
1.435000 69.657 34.500 4.828 171252.592
1.436000 69.652 34.498 4.828 171145.916
1.437000 69.647 34.495 4.828 171100.435
1.438000 69.642 34.493 4.828 171131.045
1.439000 69.637 34.490 4.828 171037.665
1.440000 69.632 34.488 4.828 171005.125
1.441000 69.627 34.485 4.828 171092.297
1.442000 69.622 34.483 4.828 171201.197
1.443000 69.617 34.480 4.828 171310.936
1.444000 69.612 34.478 4.828 171487.062
1.445000 69.607 34.476 4.828 171469.237
1.446000 69.602 34.473 4.828 171363.686
1.447000 69.597 34.471 4.828 171322.806
1.448000 69.591 34.468 4.828 171313.924
1.449000 69.586 34.466 4.828 171564.091
1.450000 69.581 34.463 4.828 171464.631
1.451000 69.576 34.461 4.828 171346.337
1.452000 69.571 34.458 4.828 171323.194
1.453000 69.566 34.456 4.828 171337.769
1.454000 69.561 34.454 4.828 171275.797
1.455000 69.556 34.451 4.828 171313.459
1.456000 69.551 34.449 4.828 171410.404
1.457000 69.546 34.446 4.828 171539.891
1.458000 69.541 34.444 4.828 171270.029
1.459000 69.536 34.442 4.828 171242.696
1.460000 69.531 34.439 4.828 171272.244
1.461000 69.526 34.437 4.828 171297.556
1.462000 69.521 34.434 4.828 171254.267
1.463000 69.516 34.432 4.828 171420.753
1.464000 69.511 34.430 4.828 171516.855
1.465000 69.506 34.427 4.828 171586.747
1.466000 69.501 34.425 4.828 171627.679
1.467000 69.496 34.423 4.828 171484.271
1.468000 69.492 34.420 4.828 171378.251
1.469000 69.487 34.418 4.828 171553.978
1.470000 69.482 34.415 4.828 171550.005
1.471000 69.477 34.413 4.828 171434.827
1.472000 69.472 34.411 4.828 171392.651
1.473000 69.467 34.408 4.828 171424.163
1.474000 69.462 34.406 4.828 171547.526
1.475000 69.457 34.404 4.828 171514.496
1.476000 69.452 34.402 4.828 171444.436
1.477000 69.447 34.399 4.828 171333.871
1.478000 69.442 34.397 4.828 171275.691
1.479000 69.437 34.395 4.828 171209.357
1.480000 69.432 34.392 4.828 171295.291
1.481000 69.427 34.390 4.828 171330.507
1.482000 69.423 34.388 4.828 171387.328
1.483000 69.418 34.385 4.828 171549.894
1.484000 69.413 34.383 4.828 171497.657
1.485000 69.408 34.381 4.828 171563.855
1.486000 69.403 34.379 4.828 171612.762
1.487000 69.398 34.376 4.828 171621.279
1.488000 69.393 34.374 4.828 171469.857
1.489000 69.388 34.372 4.828 171663.900
1.490000 69.384 34.370 4.828 171703.352
1.491000 69.379 34.367 4.828 171642.519
1.492000 69.374 34.365 4.828 171889.211
1.493000 69.369 34.363 4.828 171928.937
1.494000 69.364 34.361 4.828 171837.494
1.495000 69.359 34.358 4.828 171818.469
1.496000 69.354 34.356 4.828 171775.953
1.497000 69.350 34.354 4.828 171602.392
1.498000 69.345 34.352 4.828 171630.188
1.499000 69.340 34.350 4.828 171817.748
1.500000 69.335 34.347 4.828 171769.126
1.501000 69.330 34.345 4.828 171842.819
1.502000 69.325 34.343 4.828 171825.848
1.503000 69.321 34.341 4.828 171778.908
1.504000 69.316 34.339 4.828 171686.861
1.505000 69.311 34.336 4.828 171754.137
1.506000 69.306 34.334 4.828 171771.079
1.507000 69.301 34.332 4.828 171916.091
1.508000 69.297 34.330 4.828 171991.752
1.509000 69.292 34.328 4.828 171779.472
1.510000 69.287 34.326 4.828 171675.809
1.511000 69.282 34.323 4.828 171661.467
1.512000 69.277 34.321 4.828 171670.658
1.513000 69.273 34.319 4.828 171889.010
1.514000 69.268 34.317 4.828 171929.951
1.515000 69.263 34.315 4.828 171858.749
1.516000 69.258 34.313 4.828 171865.553
1.517000 69.254 34.311 4.828 171829.644
1.518000 69.249 34.308 4.828 171722.510
1.519000 69.244 34.306 4.828 171811.825
1.520000 69.239 34.304 4.828 171779.396
1.521000 69.235 34.302 4.828 171780.700
1.522000 69.230 34.300 4.828 171804.822
1.523000 69.225 34.298 4.828 171811.836
1.524000 69.220 34.296 4.828 171840.475
1.525000 69.216 34.294 4.828 171895.393
1.526000 69.211 34.292 4.828 171854.090
1.527000 69.206 34.290 4.828 172050.742
1.528000 69.201 34.287 4.828 172136.384
1.529000 69.197 34.285 4.828 172071.305
1.530000 69.192 34.283 4.828 171902.565
1.531000 69.187 34.281 4.828 171969.769
1.532000 69.183 34.279 4.828 172178.583
1.533000 69.178 34.277 4.828 172101.856
1.534000 69.173 34.275 4.828 172282.317
1.535000 69.169 34.273 4.828 172225.064
1.536000 69.164 34.271 4.828 172333.614
1.537000 69.159 34.269 4.828 172168.991
1.538000 69.154 34.267 4.828 172074.732
1.539000 69.150 34.265 4.828 172122.158
1.540000 69.145 34.263 4.828 172189.649
1.541000 69.140 34.261 4.828 172123.654
1.542000 69.136 34.259 4.828 172067.841
1.543000 69.131 34.257 4.828 172097.535
1.544000 69.127 34.255 4.828 172131.697
1.545000 69.122 34.253 4.828 172106.253
1.546000 69.117 34.251 4.828 172196.222
1.547000 69.113 34.249 4.828 172205.895
1.548000 69.108 34.247 4.828 172075.001
1.549000 69.103 34.245 4.828 172095.071
1.550000 69.099 34.243 4.828 172062.934
1.551000 69.094 34.241 4.828 172123.763
1.552000 69.089 34.239 4.828 172118.113
1.553000 69.085 34.237 4.828 172125.767
1.554000 69.080 34.235 4.828 172204.656
1.555000 69.076 34.233 4.828 172440.670
1.556000 69.071 34.231 4.828 172386.215
1.557000 69.066 34.229 4.828 172304.938
1.558000 69.062 34.227 4.828 172229.399
1.559000 69.057 34.225 4.828 172194.448
1.560000 69.053 34.223 4.828 172070.012
1.561000 69.048 34.221 4.828 172244.674
1.562000 69.043 34.219 4.828 172315.759
1.563000 69.039 34.217 4.828 172399.171
1.564000 69.034 34.215 4.828 172427.679
1.565000 69.030 34.214 4.828 172357.566
1.566000 69.025 34.212 4.828 172265.221
1.567000 69.021 34.210 4.828 172378.625
1.568000 69.016 34.208 4.828 172341.233
1.569000 69.011 34.206 4.828 172302.990
1.570000 69.007 34.204 4.828 172279.786
1.571000 69.002 34.202 4.828 172282.348
1.572000 68.998 34.200 4.828 172311.761
1.573000 68.993 34.198 4.828 172387.476
1.574000 68.989 34.196 4.828 172465.745
1.575000 68.984 34.194 4.828 172638.428
1.576000 68.980 34.193 4.828 172492.155
1.577000 68.975 34.191 4.828 172446.913
1.578000 68.971 34.189 4.828 172352.828
1.579000 68.966 34.187 4.828 172301.725
1.580000 68.961 34.185 4.828 172314.931
1.581000 68.957 34.183 4.828 172357.171
1.582000 68.952 34.181 4.828 172287.731
1.583000 68.948 34.180 4.828 172259.709
1.584000 68.943 34.178 4.828 172255.872
1.585000 68.939 34.176 4.828 172263.065
1.586000 68.934 34.174 4.828 172419.030
1.587000 68.930 34.172 4.828 172434.967
1.588000 68.926 34.170 4.828 172451.047
1.589000 68.921 34.169 4.828 172490.344
1.590000 68.917 34.167 4.828 172508.308
1.591000 68.912 34.165 4.828 172603.696
1.592000 68.908 34.163 4.828 172561.776
1.593000 68.903 34.161 4.828 172654.509
1.594000 68.899 34.159 4.828 172721.379
1.595000 68.894 34.158 4.828 172716.213
1.596000 68.890 34.156 4.828 172665.010
1.597000 68.885 34.154 4.828 172497.611
1.598000 68.881 34.152 4.828 172509.574
1.599000 68.876 34.150 4.828 172520.953
1.600000 68.872 34.149 4.828 172639.479
1.601000 68.868 34.147 4.828 172595.742
1.602000 68.863 34.145 4.828 172614.735
1.603000 68.859 34.143 4.828 172584.811
1.604000 68.854 34.142 4.828 172730.339
1.605000 68.850 34.140 4.828 172735.238
1.606000 68.845 34.138 4.828 172704.738
1.607000 68.841 34.136 4.828 172627.861
1.608000 68.837 34.134 4.828 172723.967
1.609000 68.832 34.133 4.828 172838.239
1.610000 68.828 34.131 4.828 172783.617
1.611000 68.823 34.129 4.828 172738.327
1.612000 68.819 34.127 4.828 172696.812
1.613000 68.815 34.126 4.828 172921.251
1.614000 68.810 34.124 4.828 172815.411
1.615000 68.806 34.122 4.828 172771.825
1.616000 68.801 34.121 4.828 172718.276
1.617000 68.797 34.119 4.828 172750.230
1.618000 68.793 34.117 4.828 172788.035
1.619000 68.788 34.115 4.828 172934.783
1.620000 68.784 34.114 4.828 172847.539
1.621000 68.780 34.112 4.828 172740.153
1.622000 68.775 34.110 4.828 172708.598
1.623000 68.771 34.109 4.828 172867.415
1.624000 68.766 34.107 4.828 172829.853
1.625000 68.762 34.105 4.828 172829.450
1.626000 68.758 34.103 4.828 172703.266
1.627000 68.753 34.102 4.828 172729.552
1.628000 68.749 34.100 4.828 172819.088
1.629000 68.745 34.098 4.828 172816.862
1.630000 68.740 34.097 4.828 172902.054
1.631000 68.736 34.095 4.828 173081.972
1.632000 68.732 34.093 4.828 172961.647
1.633000 68.727 34.092 4.828 172894.324
1.634000 68.723 34.090 4.828 172897.985
1.635000 68.719 34.088 4.828 172826.282
1.636000 68.715 34.087 4.828 172823.441
1.637000 68.710 34.085 4.828 172930.053
1.638000 68.706 34.083 4.828 173066.223
1.639000 68.702 34.082 4.828 173024.524
1.640000 68.697 34.080 4.828 173025.212
1.641000 68.693 34.078 4.828 172978.864
1.642000 68.689 34.077 4.828 173024.141
1.643000 68.684 34.075 4.828 172999.549
1.644000 68.680 34.074 4.828 172985.990
1.645000 68.676 34.072 4.828 172894.498
1.646000 68.672 34.070 4.828 172873.275
1.647000 68.667 34.069 4.828 172857.545
1.648000 68.663 34.067 4.828 172956.579
1.649000 68.659 34.065 4.828 173217.185
1.650000 68.655 34.064 4.828 173149.209
1.651000 68.650 34.062 4.828 173064.949
1.652000 68.646 34.061 4.828 173056.798
1.653000 68.642 34.059 4.828 173148.928
1.654000 68.638 34.057 4.828 173090.441
1.655000 68.633 34.056 4.828 173020.456
1.656000 68.629 34.054 4.828 173195.561
1.657000 68.625 34.053 4.828 173121.935
1.658000 68.621 34.051 4.828 173027.406
1.659000 68.616 34.050 4.828 173109.795
1.660000 68.612 34.048 4.828 173261.825
1.661000 68.608 34.046 4.828 173387.755
1.662000 68.604 34.045 4.828 173293.932
1.663000 68.600 34.043 4.828 173240.786
1.664000 68.595 34.042 4.828 173194.223
1.665000 68.591 34.040 4.828 173214.766
1.666000 68.587 34.039 4.828 173221.803
1.667000 68.583 34.037 4.828 173226.352
1.668000 68.579 34.035 4.828 173276.567
1.669000 68.574 34.034 4.828 173192.091
1.670000 68.570 34.032 4.828 173205.415
1.671000 68.566 34.031 4.828 173226.237
1.672000 68.562 34.029 4.828 173244.286
1.673000 68.558 34.028 4.828 173428.391
1.674000 68.554 34.026 4.828 173287.439
1.675000 68.549 34.025 4.828 173247.149
1.676000 68.545 34.023 4.828 173205.262
1.677000 68.541 34.022 4.828 173189.087
1.678000 68.537 34.020 4.828 173423.053
1.679000 68.533 34.019 4.828 173435.415
1.680000 68.529 34.017 4.828 173461.901
1.681000 68.524 34.016 4.828 173433.693
1.682000 68.520 34.014 4.828 173423.031
1.683000 68.516 34.013 4.828 173375.069
1.684000 68.512 34.011 4.828 173318.390
1.685000 68.508 34.010 4.828 173386.803
1.686000 68.504 34.008 4.828 173333.339
1.687000 68.500 34.007 4.828 173343.829
1.688000 68.496 34.005 4.828 173264.472
1.689000 68.491 34.004 4.828 173286.652
1.690000 68.487 34.002 4.828 173379.261
1.691000 68.483 34.001 4.828 173333.465
1.692000 68.479 33.999 4.828 173431.134
1.693000 68.475 33.998 4.828 173447.261
1.694000 68.471 33.996 4.828 173373.830
1.695000 68.467 33.995 4.828 173440.739
1.696000 68.463 33.993 4.828 173441.837
1.697000 68.459 33.992 4.828 173476.566
1.698000 68.455 33.991 4.828 173427.179
1.699000 68.450 33.989 4.828 173496.000
1.700000 68.446 33.988 4.828 173456.195
1.701000 68.442 33.986 4.828 173501.258
1.702000 68.438 33.985 4.828 173498.206
1.703000 68.434 33.983 4.828 173430.171
1.704000 68.430 33.982 4.828 173386.239
1.705000 68.426 33.980 4.828 173400.977
1.706000 68.422 33.979 4.828 173422.652
1.707000 68.418 33.978 4.828 173540.368
1.708000 68.414 33.976 4.828 173559.468
1.709000 68.410 33.975 4.828 173633.488
1.710000 68.406 33.973 4.828 173861.792
1.711000 68.402 33.972 4.828 173743.449
1.712000 68.398 33.971 4.828 173740.414
1.713000 68.394 33.969 4.828 173748.561
1.714000 68.390 33.968 4.828 173873.435
1.715000 68.386 33.966 4.828 173757.633
1.716000 68.382 33.965 4.828 173692.104
1.717000 68.378 33.964 4.828 173732.051
1.718000 68.374 33.962 4.828 173590.801
1.719000 68.370 33.961 4.828 173568.106
1.720000 68.366 33.959 4.828 173578.768
1.721000 68.362 33.958 4.828 173576.217
1.722000 68.358 33.957 4.828 173633.884
1.723000 68.354 33.955 4.828 173694.538
1.724000 68.350 33.954 4.828 173728.465
1.725000 68.346 33.953 4.828 173691.759
1.726000 68.342 33.951 4.828 173649.695
1.727000 68.338 33.950 4.828 173730.435
1.728000 68.334 33.948 4.828 173610.440
1.729000 68.330 33.947 4.828 173612.972
1.730000 68.326 33.946 4.828 173591.510
1.731000 68.322 33.944 4.828 173670.881
1.732000 68.318 33.943 4.828 173484.378
1.733000 68.314 33.942 4.828 173498.806
1.734000 68.310 33.940 4.828 173535.246
1.735000 68.306 33.939 4.828 173473.488
1.736000 68.302 33.938 4.828 173437.825
1.737000 68.298 33.936 4.828 173548.480
1.738000 68.294 33.935 4.828 173553.464
1.739000 68.290 33.934 4.828 173647.918
1.740000 68.286 33.932 4.828 173612.325
1.741000 68.282 33.931 4.828 173571.842
1.742000 68.278 33.930 4.828 173473.789
1.743000 68.274 33.928 4.828 173500.018
1.744000 68.270 33.927 4.828 173613.234
1.745000 68.266 33.926 4.828 173592.354
1.746000 68.263 33.924 4.828 173682.805
1.747000 68.259 33.923 4.828 173774.759
1.748000 68.255 33.922 4.828 173927.080
1.749000 68.251 33.920 4.828 173926.560
1.750000 68.247 33.919 4.828 173880.717
1.751000 68.243 33.918 4.828 173937.684
1.752000 68.239 33.917 4.828 173920.795
1.753000 68.235 33.915 4.828 173927.428
1.754000 68.231 33.914 4.828 173818.772
1.755000 68.227 33.913 4.828 173885.719
1.756000 68.224 33.911 4.828 173775.973
1.757000 68.220 33.910 4.828 173795.414
1.758000 68.216 33.909 4.828 173925.158
1.759000 68.212 33.908 4.828 173971.587
1.760000 68.208 33.906 4.828 174063.135
1.761000 68.204 33.905 4.828 174030.623
1.762000 68.200 33.904 4.828 174008.721
1.763000 68.196 33.903 4.828 174021.064
1.764000 68.193 33.901 4.828 173920.122
1.765000 68.201 33.837 5.086 174046.697
1.766000 68.198 33.836 5.086 174023.767
1.767000 68.194 33.835 5.086 174004.386
1.768000 68.190 33.833 5.086 174045.471
1.769000 68.186 33.832 5.086 173935.523
1.770000 68.182 33.831 5.086 173964.219
1.771000 68.178 33.830 5.086 173986.767
1.772000 68.174 33.828 5.086 174056.124
1.773000 68.171 33.827 5.086 173984.637
1.774000 68.167 33.826 5.086 174041.790
1.775000 68.163 33.825 5.086 174080.648
1.776000 68.159 33.824 5.086 174057.460
1.777000 68.155 33.822 5.086 174050.535
1.778000 68.151 33.821 5.086 174056.034
1.779000 68.147 33.820 5.086 173987.176
1.780000 68.144 33.819 5.086 174013.005
1.781000 68.140 33.817 5.086 174009.653
1.782000 68.136 33.816 5.086 174089.694
1.783000 68.132 33.815 5.086 173972.037
1.784000 68.128 33.814 5.086 173956.706
1.785000 68.125 33.813 5.086 174010.017
1.786000 68.121 33.811 5.086 174039.809
1.787000 68.117 33.810 5.086 174071.506
1.788000 68.113 33.809 5.086 174223.355
1.789000 68.109 33.808 5.086 174141.570
1.790000 68.106 33.807 5.086 174170.765
1.791000 68.102 33.805 5.086 174164.311
1.792000 68.098 33.804 5.086 174293.514
1.793000 68.094 33.803 5.086 174250.979
1.794000 68.090 33.802 5.086 174197.676
1.795000 68.087 33.801 5.086 174126.659
1.796000 68.083 33.799 5.086 174138.056
1.797000 68.079 33.798 5.086 174114.994
1.798000 68.075 33.797 5.086 174178.840
1.799000 68.072 33.796 5.086 174021.547
1.800000 68.068 33.795 5.086 174037.687
1.801000 68.064 33.794 5.086 174084.521
1.802000 68.060 33.792 5.086 174171.226
1.803000 68.057 33.791 5.086 174246.693
1.804000 68.053 33.790 5.086 174228.720
1.805000 68.049 33.789 5.086 174204.317
1.806000 68.045 33.788 5.086 174297.589
1.807000 68.042 33.787 5.086 174317.258
1.808000 68.038 33.785 5.086 174259.265
1.809000 68.034 33.784 5.086 174331.396
1.810000 68.030 33.783 5.086 174302.878
1.811000 68.027 33.782 5.086 174253.347
1.812000 68.023 33.781 5.086 174230.839
1.813000 68.019 33.780 5.086 174388.932
1.814000 68.016 33.779 5.086 174438.986
1.815000 68.012 33.777 5.086 174400.569
1.816000 68.008 33.776 5.086 174302.636
1.817000 68.004 33.775 5.086 174233.942
1.818000 68.001 33.774 5.086 174377.292
1.819000 67.997 33.773 5.086 174340.132
1.820000 67.993 33.772 5.086 174311.979
1.821000 67.990 33.771 5.086 174265.901
1.822000 67.986 33.770 5.086 174372.270
1.823000 67.982 33.768 5.086 174349.834
1.824000 67.979 33.767 5.086 174347.955
1.825000 67.975 33.766 5.086 174398.931
1.826000 67.971 33.765 5.086 174397.439
1.827000 67.968 33.764 5.086 174415.837
1.828000 67.964 33.763 5.086 174530.839
1.829000 67.960 33.762 5.086 174576.226
1.830000 67.957 33.761 5.086 174547.945
1.831000 67.953 33.760 5.086 174536.159
1.832000 67.949 33.759 5.086 174523.447
1.833000 67.946 33.757 5.086 174531.754
1.834000 67.942 33.756 5.086 174388.492
1.835000 67.938 33.755 5.086 174442.574
1.836000 67.935 33.754 5.086 174574.065
1.837000 67.931 33.753 5.086 174598.450
1.838000 67.927 33.752 5.086 174616.677
1.839000 67.924 33.751 5.086 174628.720
1.840000 67.920 33.750 5.086 174663.682
1.841000 67.917 33.749 5.086 174627.112
1.842000 67.913 33.748 5.086 174552.136
1.843000 67.909 33.747 5.086 174503.481
1.844000 67.906 33.746 5.086 174547.570
1.845000 67.902 33.745 5.086 174618.718
1.846000 67.898 33.744 5.086 174518.107
1.847000 67.895 33.742 5.086 174502.657
1.848000 67.891 33.741 5.086 174527.856
1.849000 67.888 33.740 5.086 174543.259
1.850000 67.884 33.739 5.086 174624.464
1.851000 67.880 33.738 5.086 174645.452
1.852000 67.877 33.737 5.086 174687.094
1.853000 67.873 33.736 5.086 174754.434
1.854000 67.870 33.735 5.086 174747.193
1.855000 67.866 33.734 5.086 174854.534
1.856000 67.863 33.733 5.086 174784.191
1.857000 67.859 33.732 5.086 174712.563
1.858000 67.855 33.731 5.086 174688.121
1.859000 67.852 33.730 5.086 174696.851
1.860000 67.848 33.729 5.086 174809.056
1.861000 67.845 33.728 5.086 174808.235
1.862000 67.841 33.727 5.086 174828.273
1.863000 67.838 33.726 5.086 174898.694
1.864000 67.834 33.725 5.086 174857.118
1.865000 67.831 33.724 5.086 174864.144
1.866000 67.827 33.723 5.086 174820.163
1.867000 67.823 33.722 5.086 174745.016
1.868000 67.820 33.721 5.086 174765.851
1.869000 67.816 33.720 5.086 174841.669
1.870000 67.813 33.719 5.086 174887.326
1.871000 67.809 33.718 5.086 174928.912
1.872000 67.806 33.717 5.086 174939.842
1.873000 67.802 33.716 5.086 175027.153
1.874000 67.799 33.715 5.086 174985.493
1.875000 67.795 33.714 5.086 175066.486
1.876000 67.792 33.713 5.086 175037.179
1.877000 67.788 33.712 5.086 174911.486
1.878000 67.785 33.711 5.086 174859.211
1.879000 67.781 33.710 5.086 174971.114
1.880000 67.778 33.709 5.086 174999.220
1.881000 67.774 33.708 5.086 174957.113
1.882000 67.771 33.707 5.086 174882.233
1.883000 67.767 33.706 5.086 174854.715
1.884000 67.764 33.705 5.086 174813.132
1.885000 67.760 33.704 5.086 174804.024
1.886000 67.757 33.703 5.086 174853.306
1.887000 67.753 33.702 5.086 174809.875
1.888000 67.750 33.701 5.086 174702.182
1.889000 67.746 33.700 5.086 174848.877
1.890000 67.743 33.699 5.086 174827.333
1.891000 67.739 33.698 5.086 174879.133
1.892000 67.736 33.697 5.086 174805.863
1.893000 67.733 33.696 5.086 174848.162
1.894000 67.729 33.695 5.086 174842.961
1.895000 67.726 33.694 5.086 174683.557
1.896000 67.722 33.693 5.086 174821.640
1.897000 67.719 33.692 5.086 174799.225
1.898000 67.715 33.691 5.086 174768.876
1.899000 67.712 33.691 5.086 174773.397
1.900000 67.708 33.690 5.086 174818.734
1.901000 67.705 33.689 5.086 174845.881
1.902000 67.702 33.688 5.086 174944.797
1.903000 67.698 33.687 5.086 174945.546
1.904000 67.695 33.686 5.086 174859.381
1.905000 67.691 33.685 5.086 174834.069
1.906000 67.688 33.684 5.086 174819.076
1.907000 67.685 33.683 5.086 174949.170
1.908000 67.681 33.682 5.086 174988.017
1.909000 67.678 33.681 5.086 174982.878
1.910000 67.674 33.680 5.086 175131.576
1.911000 67.671 33.679 5.086 175020.577
1.912000 67.667 33.678 5.086 175026.720
1.913000 67.664 33.677 5.086 175041.550
1.914000 67.661 33.677 5.086 175052.172
1.915000 67.657 33.676 5.086 175090.587
1.916000 67.654 33.675 5.086 175095.024
1.917000 67.651 33.674 5.086 175159.144
1.918000 67.647 33.673 5.086 175155.578
1.919000 67.644 33.672 5.086 175151.870
1.920000 67.640 33.671 5.086 175209.466
1.921000 67.637 33.670 5.086 175154.857
1.922000 67.634 33.669 5.086 175101.183
1.923000 67.630 33.668 5.086 175061.046
1.924000 67.627 33.668 5.086 175132.735
1.925000 67.624 33.667 5.086 175092.754
1.926000 67.620 33.666 5.086 175094.648
1.927000 67.617 33.665 5.086 175017.153
1.928000 67.614 33.664 5.086 174936.005
1.929000 67.610 33.663 5.086 174913.501
1.930000 67.607 33.662 5.086 175030.523
1.931000 67.604 33.661 5.086 175064.128
1.932000 67.600 33.660 5.086 175108.921
1.933000 67.597 33.660 5.086 175183.257
1.934000 67.594 33.659 5.086 175195.274
1.935000 67.590 33.658 5.086 175191.046
1.936000 67.587 33.657 5.086 175253.502
1.937000 67.584 33.656 5.086 175286.916
1.938000 67.580 33.655 5.086 175253.855
1.939000 67.577 33.654 5.086 175232.449
1.940000 67.574 33.653 5.086 175250.964
1.941000 67.570 33.653 5.086 175289.095
1.942000 67.567 33.652 5.086 175109.841
1.943000 67.564 33.651 5.086 175121.476
1.944000 67.560 33.650 5.086 175154.633
1.945000 67.557 33.649 5.086 175181.076
1.946000 67.554 33.648 5.086 175243.068
1.947000 67.551 33.647 5.086 175133.795
1.948000 67.547 33.647 5.086 175094.509
1.949000 67.544 33.646 5.086 175100.365
1.950000 67.541 33.645 5.086 175261.365
1.951000 67.537 33.644 5.086 175096.069
1.952000 67.534 33.643 5.086 175119.319
1.953000 67.531 33.642 5.086 175076.471
1.954000 67.528 33.642 5.086 175101.229
1.955000 67.524 33.641 5.086 175116.294
1.956000 67.521 33.640 5.086 175087.968
1.957000 67.518 33.639 5.086 175110.191
1.958000 67.515 33.638 5.086 175190.161
1.959000 67.511 33.637 5.086 175213.055
1.960000 67.508 33.636 5.086 175257.793
1.961000 67.505 33.636 5.086 175247.818
1.962000 67.502 33.635 5.086 175260.618
1.963000 67.498 33.634 5.086 175400.353
1.964000 67.495 33.633 5.086 175395.566
1.965000 67.492 33.632 5.086 175508.957
1.966000 67.489 33.632 5.086 175511.233
1.967000 67.486 33.631 5.086 175504.906
1.968000 67.482 33.630 5.086 175500.996
1.969000 67.479 33.629 5.086 175440.198
1.970000 67.476 33.628 5.086 175386.904
1.971000 67.473 33.627 5.086 175434.331
1.972000 67.469 33.627 5.086 175464.131
1.973000 67.466 33.626 5.086 175427.966
1.974000 67.463 33.625 5.086 175358.312
1.975000 67.460 33.624 5.086 175395.237
1.976000 67.457 33.623 5.086 175513.615
1.977000 67.453 33.623 5.086 175582.304
1.978000 67.450 33.622 5.086 175511.798
1.979000 67.447 33.621 5.086 175455.471
1.980000 67.444 33.620 5.086 175416.130
1.981000 67.441 33.619 5.086 175395.498
1.982000 67.438 33.619 5.086 175434.533
1.983000 67.434 33.618 5.086 175520.682
1.984000 67.431 33.617 5.086 175534.903
1.985000 67.428 33.616 5.086 175500.487
1.986000 67.425 33.615 5.086 175520.416
1.987000 67.422 33.615 5.086 175580.090
1.988000 67.418 33.614 5.086 175753.981
1.989000 67.415 33.613 5.086 175649.753
1.990000 67.412 33.612 5.086 175557.570
1.991000 67.409 33.612 5.086 175487.667
1.992000 67.406 33.611 5.086 175497.781
1.993000 67.403 33.610 5.086 175448.861
1.994000 67.400 33.609 5.086 175535.931
1.995000 67.396 33.608 5.086 175392.707
1.996000 67.393 33.608 5.086 175360.936
1.997000 67.390 33.607 5.086 175346.947
1.998000 67.387 33.606 5.086 175391.146
1.999000 67.384 33.605 5.086 175553.847
2.000000 67.381 33.605 5.086 175514.211
2.001000 67.378 33.604 5.086 175539.282
