0.001000 78.784 42.815 4.998 101778.866
0.002000 78.784 42.815 4.998 101617.967
0.003000 78.954 42.716 4.980 101561.661
0.004000 78.954 42.716 4.980 101548.016
0.005000 78.954 42.716 4.980 101544.969
0.006000 78.954 42.716 4.980 101544.727
0.007000 78.954 42.715 4.980 101545.009
0.008000 78.954 42.715 4.980 101545.527
0.009000 78.953 42.714 4.980 101546.267
0.010000 78.953 42.714 4.980 101547.147
0.011000 78.953 42.713 4.980 101548.066
0.012000 78.930 42.725 5.086 101548.949
0.013000 78.930 42.724 5.086 101549.817
0.014000 78.930 42.723 5.086 101550.643
0.015000 78.929 42.723 5.086 101551.345
0.016000 78.929 42.722 5.086 101551.925
0.017000 78.928 42.721 5.086 101552.389
0.018000 78.927 42.720 5.086 101552.744
0.019000 78.927 42.719 5.086 101553.008
0.020000 78.926 42.717 5.086 101553.197
0.021000 78.926 42.716 5.086 101553.324
0.022000 78.925 42.715 5.086 101553.396
0.023000 78.924 42.714 5.086 101553.421
0.024000 78.923 42.712 5.086 101553.411
0.025000 78.922 42.711 5.086 101553.383
0.026000 78.922 42.710 5.086 101553.364
0.027000 78.921 42.708 5.086 101553.380
0.028000 78.920 42.706 5.086 101553.455
0.029000 78.919 42.705 5.086 101553.604
0.030000 78.918 42.703 5.086 101553.841
0.031000 78.917 42.701 5.086 101554.146
0.032000 78.916 42.700 5.086 101554.506
0.033000 78.915 42.698 5.086 101554.901
0.034000 78.914 42.696 5.086 101555.310
0.035000 78.913 42.694 5.086 101555.726
0.036000 78.911 42.692 5.086 101556.145
0.037000 78.910 42.690 5.086 101556.576
0.038000 78.909 42.688 5.086 101557.028
0.039000 78.908 42.685 5.086 101557.500
0.040000 78.906 42.683 5.086 101557.985
0.041000 78.905 42.681 5.086 101558.479
0.042000 78.904 42.679 5.086 101558.991
0.043000 78.902 42.676 5.086 101559.535
0.044000 78.901 42.674 5.086 101560.130
0.045000 78.899 42.671 5.086 101560.789
0.046000 78.898 42.669 5.086 101561.514
0.047000 78.896 42.666 5.086 101562.294
0.048000 78.895 42.663 5.086 101563.113
0.049000 78.893 42.660 5.086 101563.956
0.050000 78.892 42.658 5.086 101564.804
0.051000 78.890 42.655 5.086 101565.642
0.052000 78.888 42.652 5.086 101566.450
0.053000 78.887 42.649 5.086 101567.218
0.054000 78.885 42.646 5.086 101567.946
0.055000 78.883 42.643 5.086 101568.645
0.056000 78.881 42.640 5.086 101569.338
0.057000 78.879 42.636 5.086 101570.039
0.058000 78.877 42.633 5.086 101570.750
0.059000 78.876 42.630 5.086 101571.459
0.060000 78.874 42.626 5.086 101572.151
0.061000 78.872 42.623 5.086 101572.814
0.062000 78.870 42.620 5.086 101573.447
0.063000 78.868 42.616 5.086 101574.070
0.064000 78.866 42.612 5.086 101574.720
0.065000 78.863 42.609 5.086 101575.431
0.066000 78.861 42.605 5.086 101576.206
0.067000 78.859 42.601 5.086 101577.016
0.068000 78.857 42.597 5.086 101577.821
0.069000 78.855 42.594 5.086 101578.596
0.070000 78.852 42.590 5.086 101579.335
0.071000 78.850 42.586 5.086 101580.043
0.072000 78.848 42.582 5.086 101580.727
0.073000 78.845 42.578 5.086 101581.398
0.074000 78.843 42.573 5.086 101582.057
0.075000 78.841 42.569 5.086 101582.709
0.076000 78.838 42.565 5.086 101583.371
0.077000 78.836 42.561 5.086 101584.047
0.078000 78.833 42.556 5.086 101584.751
0.079000 78.830 42.552 5.086 101585.499
0.080000 78.828 42.547 5.086 101586.291
0.081000 78.825 42.543 5.086 101587.113
0.082000 78.823 42.538 5.086 101587.909
0.083000 78.820 42.533 5.086 101588.673
0.084000 78.817 42.529 5.086 101589.414
0.085000 78.814 42.524 5.086 101590.146
0.086000 78.812 42.519 5.086 101590.893
0.087000 78.809 42.514 5.086 101591.665
0.088000 78.806 42.509 5.086 101592.451
0.089000 78.803 42.504 5.086 101593.238
0.090000 78.800 42.499 5.086 101594.032
0.091000 78.797 42.494 5.086 101594.867
0.092000 78.794 42.489 5.086 101595.783
0.093000 78.791 42.484 5.086 101596.783
0.094000 78.788 42.478 5.086 101597.834
0.095000 78.785 42.473 5.086 101598.882
0.096000 78.782 42.468 5.086 101599.884
0.097000 78.779 42.462 5.086 101600.827
0.098000 78.776 42.457 5.086 101601.730
0.099000 78.772 42.451 5.086 101602.631
0.100000 78.769 42.446 5.086 101603.580
0.101000 78.766 42.440 5.086 101604.618
0.102000 78.763 42.434 5.086 101605.761
0.103000 78.759 42.428 5.086 101606.970
0.104000 78.756 42.423 5.086 101608.164
0.105000 78.752 42.417 5.086 101609.251
0.106000 78.749 42.411 5.086 101610.166
0.107000 78.746 42.405 5.086 101610.898
0.108000 78.742 42.399 5.086 101611.497
0.109000 78.739 42.392 5.086 101612.056
0.110000 78.735 42.386 5.086 101612.678
0.111000 78.731 42.380 5.086 101613.438
0.112000 78.728 42.374 5.086 101614.342
0.113000 78.724 42.367 5.086 101615.348
0.114000 78.720 42.361 5.086 101616.405
0.115000 78.717 42.355 5.086 101617.481
0.116000 78.713 42.348 5.086 101618.557
0.117000 78.709 42.341 5.086 101619.623
0.118000 78.705 42.335 5.086 101620.694
0.119000 78.701 42.328 5.086 101621.799
0.120000 78.698 42.321 5.086 101622.957
0.121000 78.694 42.315 5.086 101624.152
0.122000 78.690 42.308 5.086 101625.341
0.123000 78.686 42.301 5.086 101626.474
0.124000 78.682 42.294 5.086 101627.523
0.125000 78.678 42.287 5.086 101628.492
0.126000 78.673 42.280 5.086 101629.412
0.127000 78.669 42.273 5.086 101630.315
0.128000 78.665 42.265 5.086 101631.222
0.129000 78.661 42.258 5.086 101632.134
0.130000 78.657 42.251 5.086 101633.035
0.131000 78.653 42.244 5.086 101633.899
0.132000 78.648 42.236 5.086 101634.717
0.133000 78.644 42.229 5.086 101635.509
0.134000 78.640 42.221 5.086 101636.320
0.135000 78.635 42.214 5.086 101637.198
0.136000 78.631 42.206 5.086 101638.180
0.137000 78.626 42.198 5.086 101639.271
0.138000 78.622 42.190 5.086 101640.450
0.139000 78.617 42.183 5.086 101641.679
0.140000 78.613 42.175 5.086 101642.911
0.141000 78.608 42.167 5.086 101644.109
0.142000 78.604 42.159 5.086 101645.266
0.143000 78.599 42.151 5.086 101646.392
0.144000 78.594 42.143 5.086 101647.515
0.145000 78.590 42.135 5.086 101648.669
0.146000 78.585 42.126 5.086 101649.882
0.147000 78.580 42.118 5.086 101651.156
0.148000 78.575 42.110 5.086 101652.464
0.149000 78.571 42.101 5.086 101653.759
0.150000 78.566 42.093 5.086 101654.990
0.151000 78.561 42.085 5.086 101656.131
0.152000 78.556 42.076 5.086 101657.195
0.153000 78.551 42.067 5.086 101658.232
0.154000 78.546 42.059 5.086 101659.300
0.155000 78.541 42.050 5.086 101653.536
0.156000 78.536 42.041 5.086 101650.244
0.157000 78.531 42.033 5.086 101649.358
0.158000 78.526 42.024 5.086 101649.409
0.159000 78.521 42.015 5.086 101649.754
0.160000 78.516 42.007 5.086 101650.192
0.161000 78.511 41.998 5.086 101650.648
0.162000 78.506 41.989 5.086 101651.070
0.163000 78.501 41.981 5.086 101651.414
0.164000 78.496 41.972 5.086 101651.661
0.165000 78.491 41.963 5.086 101651.817
0.166000 78.486 41.955 5.086 101651.936
0.167000 78.481 41.946 5.086 101652.099
0.168000 78.476 41.938 5.086 101652.374
0.169000 78.471 41.929 5.086 101652.778
0.170000 78.466 41.920 5.086 101653.249
0.171000 78.461 41.912 5.086 101653.692
0.172000 78.456 41.903 5.086 101654.042
0.173000 78.451 41.894 5.086 101654.296
0.174000 78.446 41.886 5.086 101654.497
0.175000 78.441 41.877 5.086 101654.700
0.176000 78.436 41.868 5.086 101654.953
0.177000 78.431 41.860 5.086 101655.285
0.178000 78.426 41.851 5.086 101655.691
0.179000 78.421 41.842 5.086 101656.117
0.180000 78.416 41.834 5.086 101656.494
0.181000 78.411 41.825 5.086 101656.755
0.182000 78.406 41.816 5.086 101656.852
0.183000 78.401 41.808 5.086 101656.742
0.184000 78.396 41.799 5.086 101656.407
0.185000 78.391 41.790 5.086 101655.863
0.186000 78.386 41.782 5.086 101655.175
0.187000 78.381 41.773 5.086 101654.435
0.188000 78.376 41.764 5.086 101653.727
0.189000 78.371 41.756 5.086 101653.108
0.190000 78.366 41.747 5.086 101652.619
0.191000 78.361 41.738 5.086 101652.262
0.192000 78.356 41.730 5.086 101652.035
0.193000 78.351 41.721 5.086 101651.931
0.194000 78.346 41.712 5.086 101651.920
0.195000 78.341 41.704 5.086 101651.960
0.196000 78.336 41.695 5.086 101652.033
0.197000 78.331 41.686 5.086 101652.135
0.198000 78.326 41.678 5.086 101652.294
0.199000 78.321 41.669 5.086 101652.545
0.200000 78.316 41.660 5.086 101652.879
0.201000 78.311 41.652 5.086 101653.261
0.202000 78.306 41.643 5.086 101653.619
0.203000 78.301 41.634 5.086 101653.941
0.204000 78.296 41.626 5.086 101654.284
0.205000 78.291 41.617 5.086 101654.699
0.206000 78.286 41.608 5.086 101655.194
0.207000 78.281 41.600 5.086 101655.721
0.208000 78.276 41.591 5.086 101656.200
0.209000 78.271 41.582 5.086 101656.543
0.210000 78.266 41.574 5.086 101656.704
0.211000 78.261 41.565 5.086 101656.716
0.212000 78.256 41.556 5.086 101656.584
0.213000 78.251 41.548 5.086 101656.361
0.214000 78.246 41.539 5.086 101656.137
0.215000 78.241 41.530 5.086 101656.001
0.216000 78.236 41.522 5.086 101655.991
0.217000 78.231 41.513 5.086 101656.135
0.218000 78.226 41.504 5.086 101656.434
0.219000 78.221 41.496 5.086 101656.837
0.220000 78.216 41.487 5.086 101657.292
0.221000 78.211 41.479 5.086 101657.719
0.222000 78.206 41.470 5.086 101658.042
0.223000 78.201 41.461 5.086 101658.309
0.224000 78.196 41.453 5.086 101658.576
0.225000 78.191 41.444 5.086 101658.921
0.226000 78.186 41.435 5.086 101659.422
0.227000 78.181 41.427 5.086 101660.095
0.228000 78.176 41.418 5.086 101660.979
0.229000 78.171 41.409 5.086 101662.055
0.230000 78.166 41.401 5.086 101663.229
0.231000 78.161 41.392 5.086 101664.506
0.232000 78.156 41.383 5.086 101666.533
0.233000 78.151 41.375 5.086 101668.744
0.234000 78.146 41.366 5.086 101670.820
0.235000 78.141 41.357 5.086 101672.687
0.236000 78.136 41.348 5.086 101674.454
0.237000 78.131 41.340 5.086 101676.075
0.238000 78.126 41.331 5.086 101677.585
0.239000 78.121 41.322 5.086 101679.030
0.240000 78.116 41.314 5.086 101680.426
0.241000 78.111 41.305 5.086 101681.774
0.242000 78.106 41.296 5.086 101683.102
0.243000 78.101 41.287 5.086 101684.500
0.244000 78.096 41.278 5.086 101685.899
0.245000 78.091 41.270 5.086 101687.461
0.246000 78.086 41.261 5.086 101689.304
0.247000 78.081 41.252 5.086 101691.507
0.248000 78.076 41.243 5.086 101694.110
0.249000 78.071 41.234 5.086 101697.076
0.250000 78.066 41.226 5.086 101700.151
0.251000 78.061 41.217 5.086 101703.406
0.252000 78.056 41.208 5.086 101706.858
0.253000 78.051 41.199 5.086 101710.461
0.254000 78.046 41.190 5.086 101714.361
0.255000 78.041 41.181 5.086 101718.493
0.256000 78.036 41.172 5.086 101723.038
0.257000 78.031 41.163 5.086 101728.235
0.258000 78.026 41.155 5.086 101734.193
0.259000 78.021 41.146 5.086 101740.885
0.260000 78.016 41.137 5.086 101748.162
0.261000 78.011 41.128 5.086 101756.512
0.262000 78.006 41.119 5.086 101765.781
0.263000 78.001 41.110 5.086 101776.061
0.264000 77.996 41.101 5.086 101786.459
0.265000 77.991 41.092 5.086 101797.874
0.266000 77.996 41.077 5.050 101810.503
0.267000 77.991 41.068 5.050 101824.278
0.268000 77.986 41.059 5.050 101838.865
0.269000 77.981 41.050 5.050 101855.673
0.270000 77.976 41.041 5.050 101874.917
0.271000 77.971 41.032 5.050 101896.240
0.272000 77.966 41.023 5.050 101921.632
0.273000 77.961 41.013 5.050 101950.989
0.274000 77.968 40.998 4.980 101986.460
0.275000 77.963 40.989 4.980 102029.244
0.276000 77.958 40.980 4.980 102079.866
0.277000 77.953 40.971 4.980 102141.420
0.278000 77.948 40.962 4.980 102215.468
0.279000 77.943 40.952 4.980 102312.220
0.280000 77.916 40.956 4.967 102436.181
0.281000 77.911 40.947 4.967 102623.338
0.282000 77.906 40.937 4.967 102865.668
0.283000 77.901 40.928 4.967 103223.672
0.284000 77.896 40.919 4.967 103743.813
0.285000 77.908 40.900 5.014 104545.497
0.286000 77.903 40.891 4.946 111237.720
0.287000 77.898 40.882 4.946 135291.536
0.288000 77.893 40.873 4.946 167303.677
0.289000 77.893 40.861 4.980 207573.096
0.290000 77.888 40.851 4.980 239502.130
0.291000 77.883 40.842 4.980 263347.003
0.292000 77.856 40.845 5.086 285932.280
0.293000 77.800 40.866 5.013 319467.404
0.294000 77.739 40.889 4.993 371193.872
0.295000 77.713 40.892 4.970 405189.865
0.296000 77.687 40.894 4.998 408183.504
0.297000 77.637 40.911 4.999 401531.041
0.298000 77.571 40.938 5.016 408943.098
0.299000 77.538 40.944 5.016 418192.077
0.300000 77.472 40.971 5.013 415371.930
0.301000 77.467 40.962 5.013 379606.334
0.302000 77.464 40.951 4.904 341237.522
0.303000 77.460 40.942 4.904 310911.665
0.304000 77.455 40.933 4.904 287362.144
0.305000 77.450 40.924 4.904 268805.368
0.306000 77.445 40.915 4.904 253620.526
0.307000 77.805 40.696 4.980 245430.471
0.308000 77.800 40.687 4.980 240326.755
0.309000 77.795 40.678 4.980 236256.799
0.310000 77.790 40.669 4.980 233368.004
0.311000 77.786 40.660 4.980 231584.981
0.312000 77.781 40.651 4.980 230763.643
0.313000 77.776 40.642 4.980 230676.828
0.314000 77.771 40.633 4.980 230940.760
0.315000 77.767 40.624 4.980 231330.352
0.316000 77.762 40.615 4.980 231646.032
0.317000 77.757 40.606 4.980 231774.084
0.318000 77.753 40.597 4.980 231629.209
0.319000 77.748 40.588 4.980 231165.348
0.320000 77.743 40.579 4.980 230437.242
0.321000 77.739 40.570 4.980 229531.253
0.322000 77.734 40.561 4.980 228509.298
0.323000 77.729 40.552 4.980 227425.797
0.324000 77.725 40.543 4.980 226300.853
0.325000 77.715 40.537 4.946 225139.178
0.326000 77.711 40.528 4.946 224073.096
0.327000 77.706 40.519 4.946 222955.273
0.328000 77.702 40.510 4.946 221808.445
0.329000 77.697 40.501 4.946 220702.950
0.330000 77.692 40.492 4.946 219760.711
0.331000 77.688 40.483 4.946 219018.429
0.332000 77.683 40.474 4.946 218459.643
0.333000 77.679 40.465 4.946 218051.662
0.334000 77.674 40.456 4.946 217755.783
0.335000 77.669 40.447 4.946 217509.103
0.336000 77.665 40.439 4.946 217249.383
0.337000 77.660 40.430 4.946 216904.986
0.338000 77.656 40.421 4.946 216429.609
0.339000 77.651 40.412 4.946 215911.252
0.340000 77.647 40.403 4.946 215383.164
0.341000 77.642 40.394 4.946 214865.835
0.342000 77.638 40.385 4.946 214383.930
0.343000 77.633 40.376 4.946 213949.277
0.344000 77.629 40.367 4.946 213562.849
0.345000 77.624 40.359 4.946 213209.096
0.346000 77.620 40.350 4.946 212856.530
0.347000 77.615 40.341 4.946 212487.656
0.348000 77.611 40.332 4.946 212149.380
0.349000 77.606 40.323 4.946 211846.329
0.350000 77.602 40.314 4.946 211560.180
0.351000 77.597 40.305 4.946 211190.049
0.352000 77.593 40.296 4.946 210834.543
0.353000 77.588 40.288 4.946 210505.296
0.354000 77.584 40.279 4.946 210222.826
0.355000 77.579 40.270 4.946 209970.552
0.356000 77.575 40.261 4.946 209781.999
0.357000 77.575 40.250 4.980 209832.116
0.358000 77.571 40.241 4.980 209727.618
0.359000 77.566 40.232 4.980 209590.053
0.360000 77.562 40.223 4.980 209455.619
0.361000 77.558 40.214 4.980 209307.101
0.362000 77.553 40.205 4.980 209157.349
0.363000 77.549 40.196 4.980 209021.474
0.364000 77.544 40.188 4.980 208917.099
0.365000 77.540 40.179 4.980 208833.526
0.366000 77.536 40.170 4.980 208743.141
0.367000 77.531 40.161 4.980 208657.612
0.368000 77.527 40.152 4.980 208567.808
0.369000 77.522 40.144 4.980 208466.076
0.370000 77.518 40.135 4.980 208346.474
0.371000 77.514 40.126 4.980 208175.397
0.372000 77.509 40.117 4.980 207984.154
0.373000 77.505 40.108 4.980 207769.097
0.374000 77.501 40.099 4.980 207538.375
0.375000 77.496 40.091 4.980 207315.952
0.376000 77.492 40.082 4.980 207090.464
0.377000 77.488 40.073 4.980 206904.807
0.378000 77.483 40.064 4.980 206743.288
0.379000 77.479 40.055 4.980 206626.995
0.380000 77.475 40.047 4.980 206516.315
0.381000 77.470 40.038 4.980 206419.835
0.382000 77.466 40.029 4.980 206341.811
0.383000 77.462 40.020 4.980 206265.263
0.384000 77.458 40.011 4.980 206200.482
0.385000 77.453 40.003 4.980 206032.467
0.386000 77.449 39.994 4.980 206066.422
0.387000 77.445 39.985 4.980 206286.575
0.388000 77.440 39.976 4.980 206341.771
0.389000 77.436 39.967 4.980 206174.070
0.390000 77.432 39.959 4.980 205906.120
0.391000 77.428 39.950 4.980 205631.696
0.392000 77.423 39.941 4.980 205361.682
0.393000 77.419 39.932 4.980 205082.582
0.394000 77.415 39.924 4.980 204799.160
0.395000 77.411 39.915 4.980 204567.815
0.396000 77.406 39.906 4.980 204304.060
0.397000 77.402 39.897 4.980 203893.677
0.398000 77.398 39.888 4.980 203533.196
0.399000 77.383 39.886 5.050 203198.254
0.400000 77.378 39.877 5.050 203149.577
0.401000 77.374 39.869 5.050 203128.244
0.402000 77.370 39.860 5.050 203054.335
0.403000 77.366 39.851 5.050 202899.093
0.404000 77.362 39.842 5.050 202786.766
0.405000 77.357 39.834 5.050 202705.436
0.406000 77.353 39.825 5.050 202821.940
0.407000 77.349 39.816 5.050 203130.643
0.408000 77.345 39.807 5.050 203419.015
0.409000 77.341 39.799 5.050 203687.172
0.410000 77.337 39.790 5.050 203884.102
0.411000 77.333 39.781 5.050 204030.732
0.412000 77.328 39.772 5.050 204064.846
0.413000 77.324 39.764 5.050 204010.383
0.414000 77.320 39.755 5.050 203920.058
0.415000 77.316 39.746 5.050 203854.294
0.416000 77.312 39.737 5.050 203812.279
0.417000 77.308 39.729 5.050 203753.179
0.418000 77.304 39.720 5.050 203696.346
0.419000 77.300 39.711 5.050 203613.333
0.420000 77.295 39.702 5.050 203511.155
0.421000 77.291 39.694 5.050 203449.565
0.422000 77.287 39.685 5.050 203386.200
0.423000 77.283 39.676 5.050 203315.992
0.424000 77.279 39.667 5.050 203224.056
0.425000 77.275 39.659 5.050 203227.950
0.426000 77.271 39.650 5.050 203241.636
0.427000 77.267 39.641 5.050 203260.335
0.428000 77.263 39.632 5.050 203233.510
0.429000 77.259 39.624 5.050 203187.075
0.430000 77.255 39.615 5.050 203153.713
0.431000 77.251 39.606 5.050 203069.770
0.432000 77.246 39.598 5.050 202978.692
0.433000 77.242 39.589 5.050 202960.738
0.434000 77.238 39.580 5.050 202857.017
0.435000 77.234 39.571 5.050 202791.263
0.436000 77.230 39.563 5.050 202766.649
0.437000 77.226 39.554 5.050 202754.648
0.438000 77.222 39.545 5.050 202769.291
0.439000 77.218 39.537 5.050 202674.975
0.440000 77.214 39.528 5.050 202599.349
0.441000 77.210 39.519 5.050 202588.972
0.442000 77.206 39.511 5.050 202561.510
0.443000 77.202 39.502 5.050 202520.618
0.444000 77.198 39.493 5.050 202521.126
0.445000 77.194 39.484 5.050 202552.776
0.446000 77.190 39.476 5.050 202590.802
0.447000 77.186 39.467 5.050 202580.709
0.448000 77.182 39.458 5.050 202538.210
0.449000 77.178 39.450 5.050 202466.699
0.450000 77.174 39.441 5.050 202420.043
0.451000 77.170 39.432 5.050 202330.485
0.452000 77.166 39.424 5.050 202238.867
0.453000 77.162 39.415 5.050 202171.684
0.454000 77.158 39.406 5.050 202185.078
0.455000 77.154 39.398 5.050 202154.474
0.456000 77.150 39.389 5.050 202095.088
0.457000 77.147 39.380 5.050 202070.528
0.458000 77.143 39.372 5.050 202036.388
0.459000 77.139 39.363 5.050 201916.667
0.460000 77.135 39.354 5.050 201894.373
0.461000 77.131 39.346 5.050 201893.594
0.462000 77.127 39.337 5.050 201777.223
0.463000 77.123 39.328 5.050 201741.758
0.464000 77.119 39.320 5.050 201781.425
0.465000 77.115 39.311 5.050 201743.352
0.466000 77.111 39.302 5.050 201689.830
0.467000 77.107 39.294 5.050 201747.082
0.468000 77.103 39.285 5.050 201756.834
0.469000 77.099 39.276 5.050 201681.412
0.470000 77.096 39.268 5.050 201683.598
0.471000 77.092 39.259 5.050 201567.774
0.472000 77.088 39.250 5.050 201495.878
0.473000 77.084 39.242 5.050 201558.878
0.474000 77.080 39.233 5.050 201581.679
0.475000 77.076 39.224 5.050 201585.819
0.476000 77.072 39.216 5.050 201574.721
0.477000 77.068 39.207 5.050 201428.402
0.478000 77.065 39.199 5.050 201319.097
0.479000 77.061 39.190 5.050 201251.332
0.480000 77.057 39.181 5.050 201135.178
0.481000 77.053 39.173 5.050 201033.854
0.482000 77.049 39.164 5.050 201067.774
0.483000 77.045 39.155 5.050 201082.392
0.484000 77.041 39.147 5.050 201109.225
0.485000 77.038 39.138 5.050 201152.455
0.486000 77.034 39.130 5.050 201144.400
0.487000 77.030 39.121 5.050 201063.628
0.488000 77.026 39.112 5.050 201049.500
0.489000 77.022 39.104 5.050 200955.918
0.490000 77.018 39.095 5.050 201013.118
0.491000 77.015 39.086 5.050 200985.516
0.492000 77.011 39.078 5.050 200954.413
0.493000 77.007 39.069 5.050 200854.818
0.494000 77.003 39.061 5.050 200741.839
0.495000 76.999 39.052 5.050 200722.951
0.496000 76.996 39.043 5.050 200726.089
0.497000 76.992 39.035 5.050 200681.561
0.498000 76.988 39.026 5.050 200555.848
0.499000 76.984 39.018 5.050 200558.430
0.500000 76.981 39.009 5.050 200613.575
0.501000 76.977 39.000 5.050 200580.449
0.502000 76.973 38.992 5.050 200518.820
0.503000 76.969 38.983 5.050 200449.216
0.504000 76.965 38.975 5.050 200449.266
0.505000 76.962 38.966 5.050 200381.381
0.506000 76.958 38.958 5.050 200312.365
0.507000 76.954 38.949 5.050 200160.336
0.508000 76.950 38.940 5.050 199025.421
0.509000 76.947 38.932 5.050 198332.059
0.510000 76.943 38.923 5.050 197756.412
0.511000 76.929 38.921 5.086 197578.880
0.512000 76.925 38.912 5.086 197775.898
0.513000 76.921 38.904 5.086 197816.489
0.514000 76.918 38.895 5.086 197933.591
0.515000 76.914 38.887 5.086 198022.315
0.516000 76.910 38.878 5.086 197886.236
0.517000 76.906 38.869 5.086 197827.344
0.518000 76.903 38.861 5.086 197750.699
0.519000 76.899 38.852 5.086 197629.249
0.520000 76.895 38.844 5.086 197492.450
0.521000 76.892 38.835 5.086 197465.000
0.522000 76.888 38.827 5.086 197297.363
0.523000 76.884 38.818 5.086 197211.668
0.524000 76.881 38.810 5.086 197115.173
0.525000 76.877 38.801 5.086 197155.073
0.526000 76.873 38.792 5.086 197233.123
0.527000 76.870 38.784 5.086 197223.932
0.528000 76.866 38.775 5.086 197229.159
0.529000 76.862 38.767 5.086 197196.491
0.530000 76.859 38.758 5.086 197139.090
0.531000 76.855 38.750 5.086 197157.259
0.532000 76.851 38.741 5.086 197176.881
0.533000 76.848 38.733 5.086 197224.365
0.534000 76.844 38.724 5.086 197153.729
0.535000 76.840 38.716 5.086 197090.141
0.536000 76.837 38.707 5.086 197094.626
0.537000 76.833 38.699 5.086 197209.962
0.538000 76.830 38.690 5.086 197233.715
0.539000 76.826 38.682 5.086 197154.661
0.540000 76.822 38.673 5.086 197237.563
0.541000 76.819 38.665 5.086 197438.064
0.542000 76.815 38.656 5.086 197486.851
0.543000 76.811 38.648 5.086 197482.237
0.544000 76.808 38.639 5.086 197421.305
0.545000 76.804 38.631 5.086 197406.183
0.546000 76.801 38.622 5.086 197384.610
0.547000 76.797 38.614 5.086 197213.930
0.548000 76.794 38.605 5.086 197214.415
0.549000 76.790 38.597 5.086 197212.258
0.550000 76.786 38.588 5.086 197326.399
0.551000 76.783 38.580 5.086 197403.537
0.552000 76.779 38.571 5.086 197429.935
0.553000 76.776 38.563 5.086 197444.042
0.554000 76.772 38.554 5.086 197607.083
0.555000 76.769 38.546 5.086 197749.916
0.556000 76.765 38.537 5.086 197787.276
0.557000 76.761 38.529 5.086 197645.762
0.558000 76.758 38.520 5.086 197669.924
0.559000 76.754 38.512 5.086 197775.500
0.560000 76.751 38.503 5.086 197860.393
0.561000 76.747 38.495 5.086 197715.737
0.562000 76.744 38.486 5.086 197788.477
0.563000 76.740 38.478 5.086 197982.750
0.564000 76.737 38.469 5.086 197982.881
0.565000 76.733 38.461 5.086 197963.598
0.566000 76.730 38.452 5.086 197988.272
0.567000 76.726 38.444 5.086 198134.450
0.568000 76.723 38.435 5.086 198230.540
0.569000 76.719 38.427 5.086 198300.532
0.570000 76.716 38.419 5.086 198560.882
0.571000 76.712 38.410 5.086 198554.764
0.572000 76.709 38.402 5.086 198523.215
0.573000 76.705 38.393 5.086 198592.187
0.574000 76.702 38.385 5.086 198633.017
0.575000 76.698 38.376 5.086 198674.442
0.576000 76.695 38.368 5.086 198780.729
0.577000 76.691 38.359 5.086 198799.325
0.578000 76.688 38.351 5.086 198928.646
0.579000 76.684 38.343 5.086 199095.010
0.580000 76.681 38.334 5.086 199196.189
0.581000 76.678 38.326 5.086 199248.550
0.582000 76.674 38.317 5.086 199470.559
0.583000 76.671 38.309 5.086 199782.752
0.584000 76.667 38.301 5.086 199923.947
0.585000 76.664 38.292 5.086 200072.158
0.586000 76.660 38.284 5.086 200157.802
0.587000 76.657 38.275 5.086 200405.721
0.588000 76.653 38.267 5.086 200509.088
0.589000 76.650 38.259 5.086 200710.349
0.590000 76.646 38.250 5.086 200948.417
0.591000 76.643 38.242 5.086 201082.206
0.592000 76.639 38.233 5.086 201240.970
0.593000 76.636 38.225 5.086 201350.740
0.594000 76.633 38.217 5.086 201380.202
0.595000 76.629 38.208 5.086 201670.688
0.596000 76.647 38.187 4.980 201850.266
0.597000 76.643 38.179 4.980 202014.000
0.598000 76.640 38.171 4.980 202187.768
0.599000 76.636 38.162 4.980 202343.582
0.600000 76.633 38.154 4.980 202394.141
0.601000 76.629 38.146 4.980 202256.326
0.602000 76.604 38.150 5.086 202052.831
0.603000 76.601 38.142 5.086 201874.675
0.604000 76.597 38.134 5.086 201588.384
0.605000 76.593 38.126 5.086 201272.632
0.606000 76.590 38.117 5.086 201039.734
0.607000 76.586 38.109 5.086 200706.904
0.608000 76.583 38.101 5.086 200330.404
0.609000 76.579 38.093 5.086 200081.444
0.610000 76.575 38.085 5.086 199824.841
0.611000 76.572 38.077 5.086 199537.438
0.612000 76.589 38.056 4.980 199387.803
0.613000 76.586 38.047 4.980 199270.878
0.614000 76.582 38.039 4.980 199191.739
0.615000 76.578 38.031 4.980 198929.103
0.616000 76.574 38.023 4.980 198760.127
0.617000 76.571 38.015 4.980 198700.755
0.618000 76.567 38.007 4.980 198689.642
0.619000 76.563 37.999 4.980 198590.854
0.620000 76.560 37.991 4.980 198577.771
0.621000 76.556 37.982 4.980 198645.029
0.622000 76.552 37.974 4.980 198701.457
0.623000 76.549 37.966 4.980 198704.576
0.624000 76.545 37.958 4.980 198756.782
0.625000 76.541 37.950 4.980 198869.526
0.626000 76.538 37.942 4.980 198875.445
0.627000 76.534 37.934 4.980 198827.657
0.628000 76.530 37.926 4.980 198968.599
0.629000 76.527 37.918 4.980 199085.680
0.630000 76.523 37.910 4.980 199176.656
0.631000 76.519 37.902 4.980 199376.370
0.632000 76.516 37.893 4.980 199467.007
0.633000 76.512 37.885 4.980 199608.659
0.634000 76.508 37.877 4.980 199776.258
0.635000 76.505 37.869 4.980 199835.840
0.636000 76.501 37.861 4.980 200055.344
0.637000 76.497 37.853 4.980 200132.242
0.638000 76.494 37.845 4.980 200239.706
0.639000 76.490 37.837 4.980 200395.632
0.640000 76.486 37.829 4.980 200495.095
0.641000 76.483 37.821 4.980 200608.254
0.642000 76.479 37.813 4.980 200769.693
0.643000 76.475 37.805 4.980 200793.911
0.644000 76.472 37.797 4.980 200750.088
0.645000 76.468 37.789 4.980 200535.879
0.646000 76.464 37.781 4.980 200622.438
0.647000 76.461 37.773 4.980 200875.979
0.648000 76.457 37.765 4.980 200808.703
0.649000 76.453 37.757 4.980 200722.856
0.650000 76.450 37.749 4.980 200618.348
0.651000 76.446 37.741 4.980 200632.036
0.652000 76.442 37.733 4.980 200573.755
0.653000 76.438 37.726 4.980 200447.121
0.654000 76.435 37.718 4.980 200293.371
0.655000 76.431 37.710 4.980 200181.904
0.656000 76.427 37.702 4.980 199861.576
0.657000 76.424 37.694 4.980 199711.209
0.658000 76.420 37.686 4.980 199486.562
0.659000 76.416 37.678 4.980 199342.033
0.660000 76.413 37.670 4.980 199142.259
0.661000 76.409 37.662 4.980 198929.287
0.662000 76.405 37.654 4.980 198737.059
0.663000 76.401 37.647 4.980 198460.149
0.664000 76.398 37.639 4.980 198234.042
0.665000 76.394 37.631 4.980 197946.348
0.666000 76.390 37.623 4.980 197841.155
0.667000 76.387 37.615 4.980 197712.999
0.668000 76.383 37.607 4.980 197562.345
0.669000 76.379 37.599 4.980 197316.944
0.670000 76.375 37.592 4.980 197290.589
0.671000 76.372 37.584 4.980 197285.299
0.672000 76.368 37.576 4.980 197225.652
0.673000 76.364 37.568 4.980 197110.972
0.674000 76.361 37.560 4.980 197038.650
0.675000 76.357 37.553 4.980 196990.472
0.676000 76.353 37.545 4.980 196969.180
0.677000 76.350 37.537 4.980 197012.061
0.678000 76.346 37.529 4.980 196974.933
0.679000 76.342 37.521 4.980 197000.742
0.680000 76.339 37.514 4.980 197068.544
0.681000 76.335 37.506 4.980 197146.159
0.682000 76.331 37.498 4.980 197236.229
0.683000 76.328 37.490 4.980 197427.996
0.684000 76.324 37.482 4.980 197509.555
0.685000 76.320 37.475 4.980 197586.984
0.686000 76.317 37.467 4.980 197739.827
0.687000 76.313 37.459 4.980 197896.967
0.688000 76.309 37.451 4.980 198080.828
0.689000 76.306 37.444 4.980 198281.955
0.690000 76.302 37.436 4.980 198430.610
0.691000 76.298 37.428 4.980 198430.492
0.692000 76.295 37.420 4.980 198552.822
0.693000 76.291 37.413 4.980 198794.311
0.694000 76.287 37.405 4.980 198922.518
0.695000 76.284 37.397 4.980 198981.869
0.696000 76.280 37.390 4.980 198988.964
0.697000 76.276 37.382 4.980 199046.430
0.698000 76.273 37.374 4.980 199091.013
0.699000 76.269 37.367 4.980 199198.827
0.700000 76.265 37.359 4.980 199272.346
0.701000 76.262 37.351 4.980 199221.182
0.702000 76.258 37.343 4.980 199288.292
0.703000 76.254 37.336 4.980 199299.071
0.704000 76.251 37.328 4.980 199316.769
0.705000 76.247 37.320 4.980 199173.384
0.706000 76.243 37.313 4.980 199137.289
0.707000 76.240 37.305 4.980 199145.688
0.708000 76.236 37.298 4.980 199079.159
0.709000 76.232 37.290 4.980 199094.562
0.710000 76.229 37.282 4.980 199082.642
0.711000 76.225 37.275 4.980 199163.308
0.712000 76.222 37.267 4.980 199044.699
0.713000 76.218 37.259 4.980 198757.794
0.714000 76.214 37.252 4.980 198599.385
0.715000 76.211 37.244 4.980 198562.487
0.716000 76.207 37.236 4.980 198449.286
0.717000 76.204 37.229 4.980 198389.698
0.718000 76.200 37.221 4.980 198320.987
0.719000 76.196 37.214 4.980 198199.093
0.720000 76.193 37.206 4.980 198067.094
0.721000 76.189 37.198 4.980 197925.657
0.722000 76.186 37.191 4.980 197769.536
0.723000 76.182 37.183 4.980 197733.929
0.724000 76.179 37.176 4.980 197688.374
0.725000 76.175 37.168 4.980 197576.285
0.726000 76.171 37.161 4.980 197438.100
0.727000 76.168 37.153 4.980 197355.516
0.728000 76.164 37.145 4.980 197236.844
0.729000 76.161 37.138 4.980 197030.083
0.730000 76.157 37.130 4.980 196855.723
0.731000 76.154 37.123 4.980 196794.437
0.732000 76.150 37.115 4.980 196776.896
0.733000 76.147 37.108 4.980 196759.504
0.734000 76.143 37.100 4.980 196802.952
0.735000 76.139 37.093 4.980 196710.294
0.736000 76.136 37.085 4.980 196429.073
0.737000 76.132 37.078 4.980 196532.496
0.738000 76.129 37.070 4.980 196592.623
0.739000 76.125 37.063 4.980 196621.997
0.740000 76.122 37.055 4.980 196481.042
0.741000 76.118 37.048 4.980 196497.117
0.742000 76.115 37.040 4.980 196542.134
0.743000 76.111 37.033 4.980 196572.406
0.744000 76.108 37.025 4.980 196472.844
0.745000 76.104 37.018 4.980 196492.316
0.746000 76.101 37.010 4.980 196546.060
0.747000 76.097 37.003 4.980 196628.049
0.748000 76.094 36.995 4.980 196715.813
0.749000 76.090 36.988 4.980 196887.384
0.750000 76.087 36.980 4.980 196956.299
0.751000 76.083 36.973 4.980 196928.118
0.752000 76.080 36.965 4.980 196990.775
0.753000 76.076 36.958 4.980 197002.963
0.754000 76.073 36.950 4.980 197139.690
0.755000 76.069 36.943 4.980 197203.271
0.756000 76.066 36.936 4.980 197234.837
0.757000 76.062 36.928 4.980 197250.019
0.758000 76.059 36.921 4.980 197302.377
0.759000 76.055 36.913 4.980 197435.768
0.760000 76.052 36.906 4.980 197454.522
0.761000 76.049 36.898 4.980 197337.415
0.762000 76.045 36.891 4.980 197234.594
0.763000 76.042 36.884 4.980 197212.362
0.764000 76.038 36.876 4.980 197292.375
0.765000 76.035 36.869 4.980 197342.532
0.766000 76.031 36.861 4.980 197314.597
0.767000 76.028 36.854 4.980 197263.062
0.768000 76.025 36.847 4.980 197269.012
0.769000 76.021 36.839 4.980 197281.330
0.770000 76.018 36.832 4.980 197232.813
0.771000 76.014 36.825 4.980 197169.149
0.772000 76.011 36.817 4.980 197117.725
0.773000 76.007 36.810 4.980 197126.977
0.774000 76.004 36.802 4.980 196922.828
0.775000 76.001 36.795 4.980 196831.696
0.776000 75.997 36.788 4.980 196694.530
0.777000 75.994 36.780 4.980 196564.632
0.778000 75.990 36.773 4.980 196599.474
0.779000 75.987 36.766 4.980 196514.371
0.780000 75.984 36.759 4.980 196474.409
0.781000 75.980 36.751 4.980 196434.770
0.782000 75.977 36.744 4.980 196322.364
0.783000 75.973 36.737 4.980 196192.007
0.784000 75.970 36.729 4.980 196068.004
0.785000 75.967 36.722 4.980 195985.474
0.786000 75.963 36.715 4.980 195951.526
0.787000 75.960 36.708 4.980 195886.757
0.788000 75.957 36.700 4.980 195760.610
0.789000 75.953 36.693 4.980 195624.289
0.790000 75.950 36.686 4.980 195577.663
0.791000 75.946 36.679 4.980 195573.230
0.792000 75.943 36.671 4.980 195548.254
0.793000 75.940 36.664 4.980 195538.782
0.794000 75.936 36.657 4.980 195501.956
0.795000 75.933 36.650 4.980 195528.090
0.796000 75.930 36.642 4.980 195526.076
0.797000 75.926 36.635 4.980 195552.277
0.798000 75.923 36.628 4.980 195483.556
0.799000 75.920 36.621 4.980 195532.344
0.800000 75.916 36.614 4.980 195510.765
0.801000 75.913 36.606 4.980 195552.081
0.802000 75.910 36.599 4.980 195548.842
0.803000 75.906 36.592 4.980 195484.112
0.804000 75.903 36.585 4.980 195493.901
0.805000 75.900 36.578 4.980 195516.052
0.806000 75.896 36.571 4.980 195524.707
0.807000 75.893 36.563 4.980 195433.829
0.808000 75.890 36.556 4.980 195355.957
0.809000 75.886 36.549 4.980 195357.064
0.810000 75.883 36.542 4.980 195270.486
0.811000 75.880 36.535 4.980 195272.215
0.812000 75.876 36.528 4.980 195267.887
0.813000 75.873 36.521 4.980 195280.093
0.814000 75.870 36.514 4.980 195267.222
0.815000 75.866 36.507 4.980 195273.365
0.816000 75.863 36.499 4.980 195375.601
0.817000 75.860 36.492 4.980 195255.323
0.818000 75.857 36.485 4.980 195159.836
0.819000 75.853 36.478 4.980 195001.995
0.820000 75.850 36.471 4.980 194931.638
0.821000 75.847 36.464 4.980 194832.928
0.822000 75.843 36.457 4.980 194656.600
0.823000 75.840 36.450 4.980 194619.844
0.824000 75.837 36.443 4.980 194497.537
0.825000 75.834 36.436 4.980 194460.447
0.826000 75.830 36.429 4.980 194452.076
0.827000 75.827 36.422 4.980 194330.712
0.828000 75.824 36.415 4.980 194218.306
0.829000 75.820 36.408 4.980 194122.276
0.830000 75.817 36.401 4.980 194063.142
0.831000 75.814 36.394 4.980 194172.160
0.832000 75.811 36.387 4.980 194130.884
0.833000 75.807 36.380 4.980 194013.934
0.834000 75.804 36.373 4.980 193888.649
0.835000 75.801 36.366 4.980 193865.082
0.836000 75.798 36.359 4.980 193800.042
0.837000 75.794 36.352 4.980 193815.346
0.838000 75.791 36.345 4.980 193775.514
0.839000 75.788 36.338 4.980 193709.573
0.840000 75.785 36.331 4.980 193712.941
0.841000 75.781 36.325 4.980 193658.291
0.842000 75.778 36.318 4.980 193711.574
0.843000 75.775 36.311 4.980 193738.779
0.844000 75.772 36.304 4.980 193714.369
0.845000 75.768 36.297 4.980 193676.020
0.846000 75.765 36.290 4.980 193569.961
0.847000 75.762 36.283 4.980 193466.916
0.848000 75.759 36.276 4.980 193479.878
0.849000 75.756 36.270 4.980 193464.756
0.850000 75.752 36.263 4.980 193525.086
0.851000 75.749 36.256 4.980 193339.176
0.852000 75.746 36.249 4.980 193312.804
0.853000 75.743 36.242 4.980 193400.738
0.854000 75.739 36.235 4.980 193396.354
0.855000 75.736 36.229 4.980 193220.814
0.856000 75.733 36.222 4.980 193256.288
0.857000 75.730 36.215 4.980 193204.658
0.858000 75.727 36.208 4.980 193152.468
0.859000 75.723 36.201 4.980 193279.053
0.860000 75.720 36.195 4.980 193126.403
0.861000 75.717 36.188 4.980 193153.025
0.862000 75.714 36.181 4.980 193093.508
0.863000 75.711 36.174 4.980 192999.361
0.864000 75.707 36.168 4.980 192909.804
0.865000 75.704 36.161 4.980 193048.767
0.866000 75.701 36.154 4.980 192972.186
0.867000 75.698 36.147 4.980 192905.481
0.868000 75.695 36.141 4.980 192839.342
0.869000 75.692 36.134 4.980 192810.457
0.870000 75.688 36.127 4.980 192673.659
0.871000 75.685 36.121 4.980 192641.207
0.872000 75.682 36.114 4.980 192603.782
0.873000 75.679 36.107 4.980 192506.895
0.874000 75.676 36.101 4.980 192402.788
0.875000 75.673 36.094 4.980 192357.568
0.876000 75.670 36.087 4.980 192362.990
0.877000 75.666 36.081 4.980 192320.382
0.878000 75.663 36.074 4.980 192171.824
0.879000 75.660 36.067 4.980 191971.182
0.880000 75.657 36.061 4.980 191997.688
0.881000 75.654 36.054 4.980 191908.265
0.882000 75.651 36.048 4.980 191748.001
0.883000 75.648 36.041 4.980 191830.328
0.884000 75.645 36.034 4.980 191921.989
0.885000 75.641 36.028 4.980 191941.587
0.886000 75.638 36.021 4.980 191815.311
0.887000 75.635 36.015 4.980 191763.674
0.888000 75.632 36.008 4.980 191730.468
0.889000 75.629 36.001 4.980 191715.721
0.890000 75.626 35.995 4.980 191661.180
0.891000 75.623 35.988 4.980 191616.908
0.892000 75.620 35.982 4.980 191538.852
0.893000 75.617 35.975 4.980 191637.833
0.894000 75.613 35.969 4.980 191455.280
0.895000 75.610 35.962 4.980 191449.066
0.896000 75.607 35.956 4.980 191453.898
0.897000 75.604 35.949 4.980 191477.882
0.898000 75.601 35.943 4.980 191499.178
0.899000 75.598 35.936 4.980 191456.776
0.900000 75.595 35.930 4.980 191380.959
0.901000 75.592 35.923 4.980 191393.736
0.902000 75.589 35.917 4.980 191384.191
0.903000 75.586 35.910 4.980 191427.923
0.904000 75.583 35.904 4.980 191526.374
0.905000 75.580 35.897 4.980 191578.255
0.906000 75.577 35.891 4.980 191578.044
0.907000 75.574 35.885 4.980 191383.932
0.908000 75.571 35.878 4.980 191408.598
0.909000 75.568 35.872 4.980 191357.371
0.910000 75.564 35.865 4.980 191292.663
0.911000 75.561 35.859 4.980 191231.824
0.912000 75.558 35.852 4.980 191217.008
0.913000 75.555 35.846 4.980 191198.276
0.914000 75.552 35.840 4.980 191257.664
0.915000 75.549 35.833 4.980 191283.754
0.916000 75.546 35.827 4.980 191209.216
0.917000 75.543 35.820 4.980 191168.828
0.918000 75.540 35.814 4.980 191174.419
0.919000 75.537 35.808 4.980 191234.257
0.920000 75.534 35.801 4.980 191212.099
0.921000 75.531 35.795 4.980 191022.134
0.922000 75.528 35.789 4.980 190974.639
0.923000 75.525 35.782 4.980 191006.311
0.924000 75.522 35.776 4.980 190952.554
0.925000 75.519 35.770 4.980 190841.100
0.926000 75.516 35.763 4.980 190762.347
0.927000 75.513 35.757 4.980 190695.697
0.928000 75.510 35.751 4.980 190679.654
0.929000 75.507 35.744 4.980 190726.110
0.930000 75.504 35.738 4.980 190720.146
0.931000 75.501 35.732 4.980 190633.967
0.932000 75.498 35.725 4.980 190571.925
0.933000 75.495 35.719 4.980 190591.437
0.934000 75.492 35.713 4.980 190616.562
0.935000 75.489 35.707 4.980 190584.047
0.936000 75.486 35.700 4.980 190451.990
0.937000 75.483 35.694 4.980 190412.407
0.938000 75.480 35.688 4.980 190450.605
0.939000 75.477 35.682 4.980 190488.561
0.940000 75.474 35.675 4.980 190401.840
0.941000 75.471 35.669 4.980 190483.377
0.942000 75.468 35.663 4.980 190412.628
0.943000 75.465 35.657 4.980 190320.830
0.944000 75.462 35.650 4.980 190304.933
0.945000 75.460 35.644 4.980 190329.616
0.946000 75.457 35.638 4.980 190332.186
0.947000 75.454 35.632 4.980 190289.818
0.948000 75.451 35.626 4.980 190340.654
0.949000 75.448 35.619 4.980 190391.698
0.950000 75.445 35.613 4.980 190254.019
0.951000 75.442 35.607 4.980 190168.394
0.952000 75.439 35.601 4.980 190048.383
0.953000 75.436 35.595 4.980 190064.320
0.954000 75.433 35.589 4.980 190146.185
0.955000 75.430 35.582 4.980 190090.571
0.956000 75.427 35.576 4.980 190084.440
0.957000 75.424 35.570 4.980 190083.081
0.958000 75.421 35.564 4.980 190019.471
0.959000 75.418 35.558 4.980 190048.138
0.960000 75.415 35.552 4.980 190028.810
0.961000 75.412 35.546 4.980 189975.778
0.962000 75.410 35.539 4.980 189957.954
0.963000 75.407 35.533 4.980 189892.064
0.964000 75.404 35.527 4.980 189829.484
0.965000 75.401 35.521 4.980 189890.340
0.966000 75.398 35.515 4.980 189756.876
0.967000 75.395 35.509 4.980 189712.246
0.968000 75.392 35.503 4.980 189712.883
0.969000 75.389 35.497 4.980 189738.089
0.970000 75.386 35.491 4.980 189708.707
0.971000 75.383 35.485 4.980 189652.060
0.972000 75.381 35.479 4.980 189659.712
0.973000 75.378 35.473 4.980 189635.541
0.974000 75.375 35.467 4.980 189588.828
0.975000 75.372 35.460 4.980 189569.407
0.976000 75.369 35.454 4.980 189494.646
0.977000 75.366 35.448 4.980 189434.174
0.978000 75.363 35.442 4.980 189435.425
0.979000 75.360 35.436 4.980 189404.162
0.980000 75.357 35.430 4.980 189439.217
0.981000 75.355 35.424 4.980 189452.580
0.982000 75.352 35.418 4.980 189409.192
0.983000 75.349 35.412 4.980 189456.535
0.984000 75.346 35.406 4.980 189406.999
0.985000 75.343 35.400 4.980 189350.169
0.986000 75.340 35.394 4.980 189299.489
0.987000 75.337 35.388 4.980 189328.288
0.988000 75.335 35.382 4.980 189361.807
0.989000 75.332 35.376 4.980 189375.321
0.990000 75.329 35.370 4.980 189375.113
0.991000 75.326 35.365 4.980 189303.282
0.992000 75.323 35.359 4.980 189309.118
0.993000 75.320 35.353 4.980 189492.600
0.994000 75.317 35.347 4.980 189557.949
0.995000 75.315 35.341 4.980 189544.703
0.996000 75.312 35.335 4.980 189539.131
0.997000 75.309 35.329 4.980 189528.808
0.998000 75.306 35.323 4.980 189493.946
0.999000 75.303 35.317 4.980 189424.348
1.000000 75.300 35.311 4.980 189356.574
1.001000 75.298 35.305 4.980 189395.783
1.002000 75.295 35.299 4.980 189394.332
1.003000 75.292 35.293 4.980 189385.377
1.004000 75.289 35.288 4.980 189335.214
1.005000 75.286 35.282 4.980 189362.120
1.006000 75.283 35.276 4.980 189402.660
1.007000 75.281 35.270 4.980 189355.018
1.008000 75.278 35.264 4.980 189401.513
1.009000 75.275 35.258 4.980 189352.025
1.010000 75.272 35.252 4.980 189245.130
1.011000 75.269 35.246 4.980 189239.900
1.012000 75.266 35.241 4.980 189238.631
1.013000 75.264 35.235 4.980 189275.046
1.014000 75.261 35.229 4.980 189248.195
1.015000 75.258 35.223 4.980 189223.999
1.016000 75.255 35.217 4.980 189091.570
1.017000 75.252 35.211 4.980 188987.838
1.018000 75.250 35.206 4.980 188949.954
1.019000 75.247 35.200 4.980 188892.374
1.020000 75.244 35.194 4.980 188948.866
1.021000 75.241 35.188 4.980 188989.307
1.022000 75.238 35.182 4.980 188992.843
1.023000 75.236 35.177 4.980 188886.311
1.024000 75.233 35.171 4.980 188913.639
1.025000 75.230 35.165 4.980 188862.443
1.026000 75.227 35.159 4.980 188939.080
1.027000 75.224 35.153 4.980 188940.905
1.028000 75.222 35.148 4.980 188828.763
1.029000 75.219 35.142 4.980 188804.542
1.030000 75.216 35.136 4.980 188807.491
1.031000 75.213 35.130 4.980 188829.686
1.032000 75.211 35.125 4.980 188795.085
1.033000 75.208 35.119 4.980 188842.767
1.034000 75.205 35.113 4.980 188843.696
1.035000 75.202 35.107 4.980 188841.988
1.036000 75.199 35.102 4.980 188838.663
1.037000 75.197 35.096 4.980 188714.133
1.038000 75.194 35.090 4.980 188710.364
1.039000 75.191 35.084 4.980 188705.975
1.040000 75.188 35.079 4.980 188683.340
1.041000 75.186 35.073 4.980 188697.853
1.042000 75.183 35.067 4.980 188761.684
1.043000 75.180 35.062 4.980 188781.348
1.044000 75.177 35.056 4.980 188715.613
1.045000 75.175 35.050 4.980 188655.831
1.046000 75.172 35.044 4.980 188728.555
1.047000 75.169 35.039 4.980 188726.672
1.048000 75.166 35.033 4.980 188681.553
1.049000 75.164 35.027 4.980 188653.863
1.050000 75.161 35.022 4.980 188662.871
1.051000 75.158 35.016 4.980 188636.144
1.052000 75.155 35.010 4.980 188783.038
1.053000 75.153 35.005 4.980 188874.385
1.054000 75.150 34.999 4.980 188805.838
1.055000 75.147 34.993 4.980 188658.070
1.056000 75.144 34.988 4.980 188597.737
1.057000 75.142 34.982 4.980 188603.300
1.058000 75.139 34.977 4.980 188571.549
1.059000 75.136 34.971 4.980 188565.177
1.060000 75.134 34.965 4.980 188491.413
1.061000 75.131 34.960 4.980 188406.758
1.062000 75.128 34.954 4.980 188502.696
1.063000 75.125 34.948 4.980 188536.703
1.064000 75.123 34.943 4.980 188569.222
1.065000 75.120 34.937 4.980 188557.332
1.066000 75.117 34.932 4.980 188516.735
1.067000 75.114 34.926 4.980 188417.624
1.068000 75.112 34.920 4.980 188441.719
1.069000 75.109 34.915 4.980 188483.491
1.070000 75.106 34.909 4.980 188505.597
1.071000 75.104 34.904 4.980 188496.415
1.072000 75.101 34.898 4.980 188499.663
1.073000 75.098 34.893 4.980 188470.534
1.074000 75.095 34.887 4.980 188475.837
1.075000 75.093 34.881 4.980 188424.600
1.076000 75.090 34.876 4.980 188421.757
1.077000 75.087 34.870 4.980 188420.489
1.078000 75.085 34.865 4.980 188422.364
1.079000 75.082 34.859 4.980 188385.577
1.080000 75.079 34.854 4.980 188465.047
1.081000 75.077 34.848 4.980 188474.040
1.082000 75.074 34.843 4.980 188423.367
1.083000 75.071 34.837 4.980 188331.214
1.084000 75.069 34.832 4.980 188359.168
1.085000 75.066 34.826 4.980 188498.381
1.086000 75.063 34.821 4.980 188549.840
1.087000 75.060 34.815 4.980 188413.283
1.088000 75.058 34.810 4.980 188327.411
1.089000 75.055 34.804 4.980 188469.686
1.090000 75.052 34.799 4.980 188558.918
1.091000 75.050 34.793 4.980 188581.038
1.092000 75.047 34.788 4.980 188583.767
1.093000 75.044 34.782 4.980 188631.994
1.094000 75.042 34.777 4.980 188617.773
1.095000 75.039 34.771 4.980 188599.776
1.096000 75.036 34.766 4.980 188563.339
1.097000 75.034 34.760 4.980 188544.541
1.098000 75.031 34.755 4.980 188521.638
1.099000 75.028 34.749 4.980 188390.222
1.100000 75.026 34.744 4.980 188215.523
1.101000 75.023 34.738 4.980 188243.584
1.102000 75.020 34.733 4.980 188195.852
1.103000 75.018 34.727 4.980 188248.863
1.104000 75.015 34.722 4.980 188279.877
1.105000 75.012 34.717 4.980 188280.311
1.106000 75.010 34.711 4.980 188273.911
1.107000 75.007 34.706 4.980 188319.946
1.108000 75.004 34.700 4.980 188368.721
1.109000 75.002 34.695 4.980 188294.094
1.110000 74.999 34.689 4.980 188252.295
1.111000 74.996 34.684 4.980 188276.020
1.112000 74.994 34.679 4.980 188213.286
1.113000 74.991 34.673 4.980 188177.488
1.114000 74.988 34.668 4.980 188181.384
1.115000 74.986 34.662 4.980 188272.427
1.116000 74.983 34.657 4.980 188252.999
1.117000 74.980 34.652 4.980 188272.802
1.118000 74.978 34.646 4.980 188282.501
1.119000 74.975 34.641 4.980 188230.266
1.120000 74.973 34.636 4.980 188142.403
1.121000 74.970 34.630 4.980 188089.257
1.122000 74.967 34.625 4.980 188262.220
1.123000 74.965 34.619 4.980 188159.905
1.124000 74.962 34.614 4.980 188150.001
1.125000 74.959 34.609 4.980 188157.277
1.126000 74.957 34.603 4.980 188056.906
1.127000 74.954 34.598 4.980 188183.306
1.128000 74.951 34.593 4.980 188283.320
1.129000 74.949 34.587 4.980 188212.792
1.130000 74.946 34.582 4.980 188278.819
1.131000 74.944 34.577 4.980 188333.012
1.132000 74.941 34.571 4.980 188464.266
1.133000 74.938 34.566 4.980 188427.014
1.134000 74.936 34.561 4.980 188509.394
1.135000 74.933 34.555 4.980 188432.616
1.136000 74.930 34.550 4.980 188358.880
1.137000 74.928 34.545 4.980 188325.132
1.138000 74.925 34.539 4.980 188241.846
1.139000 74.923 34.534 4.980 188159.257
1.140000 74.920 34.529 4.980 188082.679
1.141000 74.917 34.524 4.980 188033.496
1.142000 74.915 34.518 4.980 188021.169
1.143000 74.912 34.513 4.980 188028.641
1.144000 74.910 34.508 4.980 188047.403
1.145000 74.907 34.502 4.980 188091.152
1.146000 74.904 34.497 4.980 188154.251
1.147000 74.902 34.492 4.980 188199.980
1.148000 74.899 34.487 4.980 188228.929
1.149000 74.897 34.481 4.980 188293.748
1.150000 74.894 34.476 4.980 188306.459
1.151000 74.891 34.471 4.980 188188.601
1.152000 74.889 34.466 4.980 188211.798
1.153000 74.886 34.460 4.980 188247.840
1.154000 74.884 34.455 4.980 188136.604
1.155000 74.881 34.450 4.980 188069.470
1.156000 74.878 34.445 4.980 187986.535
1.157000 74.876 34.439 4.980 188120.824
1.158000 74.873 34.434 4.980 188050.306
1.159000 74.871 34.429 4.980 188038.815
1.160000 74.868 34.424 4.980 188123.911
1.161000 74.865 34.419 4.980 188176.461
1.162000 74.863 34.413 4.980 188057.583
1.163000 74.860 34.408 4.980 188099.360
1.164000 74.858 34.403 4.980 188077.153
1.165000 74.855 34.398 4.980 188095.226
1.166000 74.852 34.393 4.980 188072.890
1.167000 74.850 34.387 4.980 188185.658
1.168000 74.847 34.382 4.980 188136.754
1.169000 74.845 34.377 4.980 188127.584
1.170000 74.842 34.372 4.980 188125.746
1.171000 74.839 34.367 4.980 188124.264
1.172000 74.837 34.361 4.980 188108.670
1.173000 74.834 34.356 4.980 188091.934
1.174000 74.832 34.351 4.980 188186.475
1.175000 74.829 34.346 4.980 188175.970
1.176000 74.827 34.341 4.980 188078.230
1.177000 74.824 34.336 4.980 187950.729
1.178000 74.821 34.330 4.980 187971.965
1.179000 74.819 34.325 4.980 188042.871
1.180000 74.816 34.320 4.980 188106.405
1.181000 74.814 34.315 4.980 188102.831
1.182000 74.811 34.310 4.980 188003.361
1.183000 74.809 34.305 4.980 187953.934
1.184000 74.806 34.300 4.980 187969.719
1.185000 74.803 34.294 4.980 187974.818
1.186000 74.801 34.289 4.980 188042.838
1.187000 74.798 34.284 4.980 188094.318
1.188000 74.796 34.279 4.980 188092.114
1.189000 74.793 34.274 4.980 188163.461
1.190000 74.791 34.269 4.980 188101.420
1.191000 74.788 34.264 4.980 188072.794
1.192000 74.786 34.259 4.980 188139.070
1.193000 74.783 34.254 4.980 188217.797
1.194000 74.780 34.248 4.980 188251.818
1.195000 74.778 34.243 4.980 188203.363
1.196000 74.775 34.238 4.980 188233.371
1.197000 74.773 34.233 4.980 188267.054
1.198000 74.770 34.228 4.980 188210.217
1.199000 74.768 34.223 4.980 188189.481
1.200000 74.765 34.218 4.980 188215.860
1.201000 74.763 34.213 4.980 188093.609
1.202000 74.760 34.208 4.980 188102.029
1.203000 74.758 34.203 4.980 188136.322
1.204000 74.755 34.198 4.980 188083.048
1.205000 74.752 34.193 4.980 188156.028
1.206000 74.750 34.188 4.980 188159.481
1.207000 74.747 34.183 4.980 188111.828
1.208000 74.745 34.177 4.980 188152.177
1.209000 74.742 34.172 4.980 188155.893
1.210000 74.740 34.167 4.980 188118.082
1.211000 74.737 34.162 4.980 188163.563
1.212000 74.735 34.157 4.980 188238.603
1.213000 74.732 34.152 4.980 188226.340
1.214000 74.730 34.147 4.980 188233.993
1.215000 74.727 34.142 4.980 188106.406
1.216000 74.725 34.137 4.980 188043.158
1.217000 74.722 34.132 4.980 188055.400
1.218000 74.719 34.127 4.980 188052.661
1.219000 74.717 34.122 4.980 188103.096
1.220000 74.714 34.117 4.980 188111.881
1.221000 74.712 34.112 4.980 188097.143
1.222000 74.709 34.107 4.980 188063.908
1.223000 74.707 34.102 4.980 187928.536
1.224000 74.704 34.097 4.980 187973.334
1.225000 74.702 34.092 4.980 188189.943
1.226000 74.699 34.087 4.980 188218.272
1.227000 74.697 34.082 4.980 188266.436
1.228000 74.694 34.077 4.980 188275.094
1.229000 74.692 34.072 4.980 188285.844
1.230000 74.689 34.067 4.980 188287.027
1.231000 74.687 34.062 4.980 188230.122
1.232000 74.684 34.057 4.980 188141.675
1.233000 74.682 34.052 4.980 188166.879
1.234000 74.679 34.047 4.980 188189.015
1.235000 74.677 34.042 4.980 188277.394
1.236000 74.674 34.038 4.980 188350.619
1.237000 74.672 34.033 4.980 188337.656
1.238000 74.669 34.028 4.980 188337.580
1.239000 74.667 34.023 4.980 188165.923
1.240000 74.664 34.018 4.980 188156.692
1.241000 74.661 34.013 4.980 188210.280
1.242000 74.659 34.008 4.980 188263.788
1.243000 74.656 34.003 4.980 188334.237
1.244000 74.654 33.998 4.980 188377.317
1.245000 74.651 33.993 4.980 188391.809
1.246000 74.649 33.988 4.980 188429.053
1.247000 74.646 33.983 4.980 188449.111
1.248000 74.644 33.978 4.980 188427.464
1.249000 74.641 33.973 4.980 188311.091
1.250000 74.639 33.968 4.980 188356.875
1.251000 74.636 33.964 4.980 188244.204
1.252000 74.634 33.959 4.980 188171.140
1.253000 74.631 33.954 4.980 188350.668
1.254000 74.629 33.949 4.980 188383.703
1.255000 74.626 33.944 4.980 188370.286
1.256000 74.624 33.939 4.980 188302.567
1.257000 74.621 33.934 4.980 188238.497
1.258000 74.619 33.929 4.980 188192.331
1.259000 74.616 33.924 4.980 188173.830
1.260000 74.614 33.920 4.980 188173.404
1.261000 74.611 33.915 4.980 188271.695
1.262000 74.609 33.910 4.980 188267.657
1.263000 74.606 33.905 4.980 188266.905
1.264000 74.604 33.900 4.980 188291.747
1.265000 74.602 33.895 4.980 188227.474
1.266000 74.599 33.890 4.980 188131.365
1.267000 74.597 33.886 4.980 188172.454
1.268000 74.594 33.881 4.980 188140.737
1.269000 74.592 33.876 4.980 188287.147
1.270000 74.589 33.871 4.980 188307.143
1.271000 74.587 33.866 4.980 188271.907
1.272000 74.584 33.861 4.980 188303.681
1.273000 74.582 33.856 4.980 188462.225
1.274000 74.579 33.852 4.980 188421.019
1.275000 74.577 33.847 4.980 188419.781
1.276000 74.574 33.842 4.980 188419.556
1.277000 74.572 33.837 4.980 188432.751
1.278000 74.569 33.832 4.980 188521.411
1.279000 74.567 33.827 4.980 188589.206
1.280000 74.564 33.823 4.980 188563.033
1.281000 74.562 33.818 4.980 188410.832
1.282000 74.559 33.813 4.980 188273.049
1.283000 74.557 33.808 4.980 188331.070
1.284000 74.554 33.803 4.980 188365.875
1.285000 74.552 33.799 4.980 188442.731
1.286000 74.549 33.794 4.980 188426.163
1.287000 74.547 33.789 4.980 188449.745
1.288000 74.544 33.784 4.980 188484.659
1.289000 74.542 33.779 4.980 188512.973
1.290000 74.540 33.775 4.980 188566.290
1.291000 74.537 33.770 4.980 188548.332
1.292000 74.535 33.765 4.980 188474.032
1.293000 74.532 33.760 4.980 188494.070
1.294000 74.530 33.756 4.980 188519.174
1.295000 74.527 33.751 4.980 188470.240
1.296000 74.525 33.746 4.980 188442.720
1.297000 74.522 33.741 4.980 188358.765
1.298000 74.520 33.737 4.980 188366.454
1.299000 74.517 33.732 4.980 188419.491
1.300000 74.515 33.727 4.980 188439.859
1.301000 74.512 33.722 4.980 188363.199
1.302000 74.510 33.718 4.980 188444.262
1.303000 74.507 33.713 4.980 188517.187
1.304000 74.505 33.708 4.980 188436.881
1.305000 74.503 33.703 4.980 188450.640
1.306000 74.500 33.699 4.980 188406.585
1.307000 74.498 33.694 4.980 188409.412
1.308000 74.495 33.689 4.980 188449.260
1.309000 74.493 33.684 4.980 188450.013
1.310000 74.490 33.680 4.980 188458.164
1.311000 74.488 33.675 4.980 188478.376
1.312000 74.485 33.670 4.980 188456.776
1.313000 74.483 33.666 4.980 188430.173
1.314000 74.480 33.661 4.980 188451.782
1.315000 74.478 33.656 4.980 188412.300
1.316000 74.476 33.651 4.980 188417.719
1.317000 74.473 33.647 4.980 188410.523
1.318000 74.471 33.642 4.980 188379.793
1.319000 74.468 33.637 4.980 188279.137
1.320000 74.466 33.633 4.980 188234.201
1.321000 74.463 33.628 4.980 188333.335
1.322000 74.461 33.623 4.980 188368.633
1.323000 74.458 33.619 4.980 188320.966
1.324000 74.456 33.614 4.980 188270.933
1.325000 74.454 33.609 4.980 188281.659
1.326000 74.451 33.605 4.980 188452.961
1.327000 74.449 33.600 4.980 188480.748
1.328000 74.446 33.595 4.980 188599.504
1.329000 74.444 33.590 4.980 188642.343
1.330000 74.441 33.586 4.980 188665.438
1.331000 74.439 33.581 4.980 188645.276
1.332000 74.436 33.577 4.980 188661.703
1.333000 74.434 33.572 4.980 188569.731
1.334000 74.432 33.567 4.980 188488.309
1.335000 74.429 33.563 4.980 188411.041
1.336000 74.427 33.558 4.980 188549.300
1.337000 74.424 33.553 4.980 188504.169
1.338000 74.422 33.549 4.980 188553.888
1.339000 74.419 33.544 4.980 188719.034
1.340000 74.417 33.539 4.980 188695.806
1.341000 74.414 33.535 4.980 188637.503
1.342000 74.412 33.530 4.980 188674.390
1.343000 74.410 33.525 4.980 188782.459
1.344000 74.407 33.521 4.980 188919.623
1.345000 74.405 33.516 4.980 188794.664
1.346000 74.402 33.512 4.980 188704.113
1.347000 74.400 33.507 4.980 188714.727
1.348000 74.397 33.502 4.980 188811.382
1.349000 74.395 33.498 4.980 188928.371
1.350000 74.393 33.493 4.980 188932.807
1.351000 74.390 33.489 4.980 188960.905
1.352000 74.388 33.484 4.980 188836.302
1.353000 74.385 33.479 4.980 188822.871
1.354000 74.383 33.475 4.980 188839.319
1.355000 74.380 33.470 4.980 188929.290
1.356000 74.378 33.466 4.980 188975.722
1.357000 74.376 33.461 4.980 188905.107
1.358000 74.373 33.456 4.980 188862.568
1.359000 74.371 33.452 4.980 188832.754
1.360000 74.368 33.447 4.980 188850.728
1.361000 74.366 33.443 4.980 188894.184
1.362000 74.363 33.438 4.980 188850.031
1.363000 74.361 33.434 4.980 188887.769
1.364000 74.359 33.429 4.980 188876.088
1.365000 74.356 33.424 4.980 188778.687
1.366000 74.354 33.420 4.980 188579.790
1.367000 74.351 33.415 4.980 188666.114
1.368000 74.349 33.411 4.980 188804.652
1.369000 74.346 33.406 4.980 188718.662
1.370000 74.344 33.402 4.980 188722.728
1.371000 74.342 33.397 4.980 188658.856
1.372000 74.330 33.401 5.050 188731.069
1.373000 74.327 33.397 5.050 188761.142
1.374000 74.325 33.392 5.050 188784.730
1.375000 74.322 33.388 5.050 188831.162
1.376000 74.320 33.383 5.050 188879.765
1.377000 74.318 33.379 5.050 188892.588
1.378000 74.315 33.374 5.050 188858.708
1.379000 74.313 33.369 5.050 188911.447
1.380000 74.310 33.365 5.050 188904.471
1.381000 74.308 33.360 5.050 188793.119
1.382000 74.306 33.356 5.050 188825.527
1.383000 74.303 33.351 5.050 188886.976
1.384000 74.301 33.347 5.050 189016.429
1.385000 74.298 33.342 5.050 189112.180
1.386000 74.296 33.338 5.050 189087.472
1.387000 74.294 33.333 5.050 189078.099
1.388000 74.291 33.329 5.050 189123.102
1.389000 74.289 33.324 5.050 189145.108
1.390000 74.286 33.320 5.050 189164.066
1.391000 74.284 33.315 5.050 189171.318
1.392000 74.281 33.311 5.050 189211.999
1.393000 74.279 33.306 5.050 189295.098
1.394000 74.277 33.302 5.050 189346.544
1.395000 74.274 33.297 5.050 189393.301
1.396000 74.263 33.301 5.086 189289.805
1.397000 74.261 33.297 5.086 189309.271
1.398000 74.258 33.292 5.086 189388.491
1.399000 74.256 33.288 5.086 189392.283
1.400000 74.253 33.283 5.086 189346.055
1.401000 74.251 33.279 5.086 189251.052
1.402000 74.249 33.274 5.086 189214.077
1.403000 74.246 33.270 5.086 189346.525
1.404000 74.244 33.266 5.086 189224.119
1.405000 74.241 33.261 5.086 189324.964
1.406000 74.239 33.257 5.086 189218.831
1.407000 74.237 33.252 5.086 189206.010
1.408000 74.234 33.248 5.086 189222.984
1.409000 74.232 33.243 5.086 189219.619
1.410000 74.229 33.239 5.086 189236.040
1.411000 74.227 33.234 5.086 189217.913
1.412000 74.225 33.230 5.086 189308.549
1.413000 74.222 33.226 5.086 189361.526
1.414000 74.220 33.221 5.086 189314.165
1.415000 74.217 33.217 5.086 189205.574
1.416000 74.215 33.212 5.086 189195.952
1.417000 74.213 33.208 5.086 189183.645
1.418000 74.210 33.203 5.086 189046.456
1.419000 74.208 33.199 5.086 189132.018
1.420000 74.205 33.195 5.086 189308.245
1.421000 74.203 33.190 5.086 189440.100
1.422000 74.201 33.186 5.086 189483.523
1.423000 74.198 33.181 5.086 189348.923
1.424000 74.196 33.177 5.086 189489.161
1.425000 74.194 33.173 5.086 189502.942
1.426000 74.191 33.168 5.086 189508.306
1.427000 74.189 33.164 5.086 189363.601
1.428000 74.186 33.159 5.086 189378.824
1.429000 74.184 33.155 5.086 189341.641
1.430000 74.182 33.151 5.086 189349.905
1.431000 74.179 33.146 5.086 189512.002
1.432000 74.177 33.142 5.086 189680.028
1.433000 74.174 33.138 5.086 189854.136
1.434000 74.172 33.133 5.086 189780.818
1.435000 74.170 33.129 5.086 189837.701
1.436000 74.167 33.124 5.086 189941.268
1.437000 74.165 33.120 5.086 190029.225
1.438000 74.163 33.116 5.086 189915.359
1.439000 74.160 33.111 5.086 189895.309
1.440000 74.158 33.107 5.086 189990.854
1.441000 74.155 33.103 5.086 190033.601
1.442000 74.153 33.098 5.086 190130.694
1.443000 74.151 33.094 5.086 190130.217
1.444000 74.148 33.090 5.086 190126.585
1.445000 74.146 33.085 5.086 190033.303
1.446000 74.143 33.081 5.086 190079.915
1.447000 74.141 33.077 5.086 189992.076
1.448000 74.139 33.072 5.086 190071.473
1.449000 74.136 33.068 5.086 190070.498
1.450000 74.134 33.064 5.086 190001.865
1.451000 74.132 33.059 5.086 189971.044
1.452000 74.129 33.055 5.086 189998.432
1.453000 74.127 33.051 5.086 189966.493
1.454000 74.124 33.046 5.086 190014.170
1.455000 74.122 33.042 5.086 190024.367
1.456000 74.120 33.038 5.086 190039.956
1.457000 74.117 33.033 5.086 190109.908
1.458000 74.115 33.029 5.086 190196.328
1.459000 74.113 33.025 5.086 190241.693
1.460000 74.110 33.020 5.086 190144.287
1.461000 74.108 33.016 5.086 190091.319
1.462000 74.106 33.012 5.086 190013.515
1.463000 74.103 33.007 5.086 190009.863
1.464000 74.101 33.003 5.086 190013.269
1.465000 74.098 32.999 5.086 190133.078
1.466000 74.096 32.995 5.086 190221.941
1.467000 74.094 32.990 5.086 190322.130
1.468000 74.091 32.986 5.086 190273.894
1.469000 74.089 32.982 5.086 190227.458
1.470000 74.087 32.977 5.086 190221.019
1.471000 74.084 32.973 5.086 190272.369
1.472000 74.082 32.969 5.086 190175.360
1.473000 74.079 32.965 5.086 190116.632
1.474000 74.077 32.960 5.086 190267.826
1.475000 74.075 32.956 5.086 190314.982
1.476000 74.072 32.952 5.086 190332.492
1.477000 74.070 32.947 5.086 190327.898
1.478000 74.068 32.943 5.086 190325.958
1.479000 74.065 32.939 5.086 190301.315
1.480000 74.063 32.935 5.086 190314.550
1.481000 74.061 32.930 5.086 190312.962
1.482000 74.058 32.926 5.086 190226.842
1.483000 74.056 32.922 5.086 190374.582
1.484000 74.053 32.918 5.086 190475.236
1.485000 74.051 32.913 5.086 190445.911
1.486000 74.049 32.909 5.086 190464.944
1.487000 74.046 32.905 5.086 190401.430
1.488000 74.044 32.901 5.086 190430.393
1.489000 74.042 32.896 5.086 190444.120
1.490000 74.039 32.892 5.086 190450.066
1.491000 74.037 32.888 5.086 190448.280
1.492000 74.035 32.884 5.086 190441.645
1.493000 74.032 32.880 5.086 190511.711
1.494000 74.030 32.875 5.086 190522.787
1.495000 74.027 32.871 5.086 190431.650
1.496000 74.025 32.867 5.086 190497.740
1.497000 74.023 32.863 5.086 190534.320
1.498000 74.020 32.858 5.086 190547.464
1.499000 74.018 32.854 5.086 190498.662
1.500000 74.016 32.850 5.086 190606.954
1.501000 74.013 32.846 5.086 190755.839
1.502000 74.011 32.842 5.086 190775.857
1.503000 74.009 32.837 5.086 190763.880
1.504000 74.006 32.833 5.086 190776.861
1.505000 74.004 32.829 5.086 190730.010
1.506000 74.002 32.825 5.086 190795.191
1.507000 73.999 32.821 5.086 190785.556
1.508000 73.997 32.816 5.086 190779.519
1.509000 73.994 32.812 5.086 190834.352
1.510000 73.992 32.808 5.086 190922.087
1.511000 73.990 32.804 5.086 190845.430
1.512000 73.987 32.800 5.086 190893.076
1.513000 73.985 32.796 5.086 190938.994
1.514000 73.983 32.791 5.086 191000.519
1.515000 73.980 32.787 5.086 190995.978
1.516000 73.978 32.783 5.086 190970.706
1.517000 73.976 32.779 5.086 190944.875
1.518000 73.973 32.775 5.086 190956.503
1.519000 73.971 32.770 5.086 190987.026
1.520000 73.969 32.766 5.086 190960.559
1.521000 73.966 32.762 5.086 190969.591
1.522000 73.964 32.758 5.086 191083.948
1.523000 73.962 32.754 5.086 191060.690
1.524000 73.959 32.750 5.086 191164.933
1.525000 73.957 32.746 5.086 191259.109
1.526000 73.954 32.741 5.086 191251.168
1.527000 73.952 32.737 5.086 191251.718
1.528000 73.950 32.733 5.086 191307.442
1.529000 73.947 32.729 5.086 191410.572
1.530000 73.945 32.725 5.086 191366.481
1.531000 73.943 32.721 5.086 191290.780
1.532000 73.940 32.717 5.086 191282.794
1.533000 73.938 32.712 5.086 191231.170
1.534000 73.936 32.708 5.086 191238.406
1.535000 73.933 32.704 5.086 191293.382
1.536000 73.931 32.700 5.086 191330.573
1.537000 73.929 32.696 5.086 191376.219
1.538000 73.926 32.692 5.086 191348.178
1.539000 73.924 32.688 5.086 191338.933
1.540000 73.922 32.684 5.086 191369.883
1.541000 73.919 32.679 5.086 191331.957
1.542000 73.917 32.675 5.086 191271.787
1.543000 73.915 32.671 5.086 191281.966
1.544000 73.912 32.667 5.086 191355.715
1.545000 73.910 32.663 5.086 191266.551
1.546000 73.908 32.659 5.086 191122.566
1.547000 73.905 32.655 5.086 191239.758
1.548000 73.903 32.651 5.086 191323.334
1.549000 73.900 32.647 5.086 191459.321
1.550000 73.898 32.643 5.086 191619.785
1.551000 73.896 32.638 5.086 191665.382
1.552000 73.893 32.634 5.086 191495.241
1.553000 73.891 32.630 5.086 191592.068
1.554000 73.889 32.626 5.086 191624.306
1.555000 73.886 32.622 5.086 191644.907
1.556000 73.884 32.618 5.086 191566.455
1.557000 73.882 32.614 5.086 191529.025
1.558000 73.879 32.610 5.086 191549.392
1.559000 73.877 32.606 5.086 191692.207
1.560000 73.875 32.602 5.086 191796.749
1.561000 73.872 32.598 5.086 191852.069
1.562000 73.870 32.594 5.086 191937.167
1.563000 73.868 32.590 5.086 191963.961
1.564000 73.865 32.586 5.086 191889.566
1.565000 73.863 32.582 5.086 191889.109
1.566000 73.861 32.577 5.086 191963.566
1.567000 73.858 32.573 5.086 192033.959
1.568000 73.856 32.569 5.086 192036.874
1.569000 73.854 32.565 5.086 191986.650
1.570000 73.851 32.561 5.086 191974.099
1.571000 73.849 32.557 5.086 191943.356
1.572000 73.847 32.553 5.086 191901.724
1.573000 73.844 32.549 5.086 191860.135
1.574000 73.842 32.545 5.086 191928.629
1.575000 73.840 32.541 5.086 192083.294
1.576000 73.837 32.537 5.086 192148.079
1.577000 73.835 32.533 5.086 192186.186
1.578000 73.833 32.529 5.086 192205.145
1.579000 73.830 32.525 5.086 192232.128
1.580000 73.828 32.521 5.086 192152.225
1.581000 73.826 32.517 5.086 192119.917
1.582000 73.823 32.513 5.086 192165.970
1.583000 73.821 32.509 5.086 192120.655
1.584000 73.819 32.505 5.086 192123.443
1.585000 73.816 32.501 5.086 192223.910
1.586000 73.814 32.497 5.086 192123.324
1.587000 73.812 32.493 5.086 192102.985
1.588000 73.809 32.489 5.086 192055.710
1.589000 73.807 32.485 5.086 192139.174
1.590000 73.805 32.481 5.086 192254.202
1.591000 73.802 32.477 5.086 192335.589
1.592000 73.800 32.473 5.086 192293.181
1.593000 73.798 32.469 5.086 192347.734
1.594000 73.795 32.465 5.086 192405.781
1.595000 73.793 32.461 5.086 192319.889
1.596000 73.791 32.457 5.086 192285.877
1.597000 73.788 32.453 5.086 192278.809
1.598000 73.786 32.449 5.086 192187.327
1.599000 73.784 32.445 5.086 192137.052
1.600000 73.781 32.441 5.086 192256.698
1.601000 73.779 32.437 5.086 192346.431
1.602000 73.777 32.433 5.086 192436.140
1.603000 73.774 32.429 5.086 192430.613
1.604000 73.772 32.425 5.086 192451.200
1.605000 73.770 32.421 5.086 192508.768
1.606000 73.767 32.417 5.086 192474.265
1.607000 73.765 32.413 5.086 192598.580
1.608000 73.763 32.409 5.086 192617.652
1.609000 73.760 32.405 5.086 192729.640
1.610000 73.758 32.401 5.086 192934.905
1.611000 73.756 32.397 5.086 193041.116
1.612000 73.753 32.393 5.086 193008.294
1.613000 73.751 32.390 5.086 192863.141
1.614000 73.749 32.386 5.086 192752.121
1.615000 73.746 32.382 5.086 192859.536
1.616000 73.744 32.378 5.086 192916.599
1.617000 73.742 32.374 5.086 192833.722
1.618000 73.739 32.370 5.086 192801.896
1.619000 73.737 32.366 5.086 192857.084
1.620000 73.735 32.362 5.086 192892.954
1.621000 73.732 32.358 5.086 193007.978
1.622000 73.730 32.354 5.086 192953.154
1.623000 73.728 32.350 5.086 192912.004
1.624000 73.725 32.346 5.086 192889.543
1.625000 73.723 32.342 5.086 192825.386
1.626000 73.721 32.338 5.086 192762.600
1.627000 73.718 32.334 5.086 192848.348
1.628000 73.716 32.331 5.086 192974.111
1.629000 73.714 32.327 5.086 193166.778
1.630000 73.711 32.323 5.086 193042.418
1.631000 73.709 32.319 5.086 192979.536
1.632000 73.707 32.315 5.086 192994.114
1.633000 73.704 32.311 5.086 192996.430
1.634000 73.702 32.307 5.086 193051.655
1.635000 73.700 32.303 5.086 193031.627
1.636000 73.697 32.299 5.086 193072.024
1.637000 73.695 32.295 5.086 192972.242
1.638000 73.693 32.292 5.086 193067.005
1.639000 73.690 32.288 5.086 193281.970
1.640000 73.688 32.284 5.086 193228.709
1.641000 73.686 32.280 5.086 193162.915
1.642000 73.683 32.276 5.086 193143.123
1.643000 73.681 32.272 5.086 193201.053
1.644000 73.679 32.268 5.086 193175.024
1.645000 73.677 32.264 5.086 193154.342
1.646000 73.674 32.260 5.086 193143.468
1.647000 73.672 32.257 5.086 193107.310
1.648000 73.670 32.253 5.086 193104.199
1.649000 73.667 32.249 5.086 193239.410
1.650000 73.665 32.245 5.086 193290.953
1.651000 73.663 32.241 5.086 193381.326
1.652000 73.660 32.237 5.086 193408.587
1.653000 73.658 32.233 5.086 193616.720
1.654000 73.656 32.230 5.086 193571.039
1.655000 73.653 32.226 5.086 193435.772
1.656000 73.651 32.222 5.086 193528.572
1.657000 73.649 32.218 5.086 193624.407
1.658000 73.646 32.214 5.086 193793.480
1.659000 73.644 32.210 5.086 193850.510
1.660000 73.642 32.206 5.086 193832.652
1.661000 73.639 32.203 5.086 193739.193
1.662000 73.637 32.199 5.086 193768.342
1.663000 73.635 32.195 5.086 193902.777
1.664000 73.632 32.191 5.086 193909.458
1.665000 73.630 32.187 5.086 193853.177
1.666000 73.628 32.183 5.086 193906.123
1.667000 73.625 32.180 5.086 193785.074
1.668000 73.623 32.176 5.086 193808.240
1.669000 73.621 32.172 5.086 193772.832
1.670000 73.618 32.168 5.086 193812.437
1.671000 73.616 32.164 5.086 193636.822
1.672000 73.614 32.161 5.086 193642.394
1.673000 73.611 32.157 5.086 193687.066
1.674000 73.609 32.153 5.086 193671.412
1.675000 73.607 32.149 5.086 193742.835
1.676000 73.605 32.145 5.086 193731.073
1.677000 73.602 32.141 5.086 193754.544
1.678000 73.600 32.138 5.086 193760.445
1.679000 73.598 32.134 5.086 193796.468
1.680000 73.595 32.130 5.086 193658.040
1.681000 73.593 32.126 5.086 193680.202
1.682000 73.591 32.122 5.086 193772.901
1.683000 73.588 32.119 5.086 193758.465
1.684000 73.586 32.115 5.086 193709.558
1.685000 73.584 32.111 5.086 193798.632
1.686000 73.581 32.107 5.086 193875.228
1.687000 73.579 32.103 5.086 193951.534
1.688000 73.577 32.100 5.086 193890.890
1.689000 73.574 32.096 5.086 193904.444
1.690000 73.572 32.092 5.086 193997.539
1.691000 73.570 32.088 5.086 193989.728
1.692000 73.567 32.085 5.086 193964.278
1.693000 73.565 32.081 5.086 194043.261
1.694000 73.563 32.077 5.086 194079.565
1.695000 73.560 32.073 5.086 194094.151
1.696000 73.558 32.070 5.086 194091.607
1.697000 73.556 32.066 5.086 194226.227
1.698000 73.554 32.062 5.086 194393.876
1.699000 73.551 32.058 5.086 194527.903
1.700000 73.549 32.054 5.086 194537.357
1.701000 73.547 32.051 5.086 194575.656
1.702000 73.544 32.047 5.086 194389.357
1.703000 73.542 32.043 5.086 194408.788
1.704000 73.540 32.039 5.086 194443.459
1.705000 73.537 32.036 5.086 194532.082
1.706000 73.535 32.032 5.086 194634.091
1.707000 73.533 32.028 5.086 194622.820
1.708000 73.530 32.024 5.086 194716.933
1.709000 73.528 32.021 5.086 194645.227
1.710000 73.526 32.017 5.086 194754.890
1.711000 73.523 32.013 5.086 194793.677
1.712000 73.521 32.010 5.086 194890.759
1.713000 73.519 32.006 5.086 194879.772
1.714000 73.516 32.002 5.086 194843.656
1.715000 73.514 31.998 5.086 194727.844
1.716000 73.512 31.995 5.086 194633.123
1.717000 73.510 31.991 5.086 194585.543
1.718000 73.507 31.987 5.086 194615.882
1.719000 73.505 31.983 5.086 194566.208
1.720000 73.503 31.980 5.086 194657.225
1.721000 73.500 31.976 5.086 194716.180
1.722000 73.498 31.972 5.086 194575.138
1.723000 73.496 31.969 5.086 194608.756
1.724000 73.493 31.965 5.086 194573.300
1.725000 73.491 31.961 5.086 194612.747
1.726000 73.489 31.957 5.086 194628.825
1.727000 73.486 31.954 5.086 194633.399
1.728000 73.484 31.950 5.086 194528.611
1.729000 73.482 31.946 5.086 194573.754
1.730000 73.479 31.943 5.086 194696.626
1.731000 73.477 31.939 5.086 194642.258
1.732000 73.475 31.935 5.086 194672.472
1.733000 73.473 31.932 5.086 194679.448
1.734000 73.470 31.928 5.086 194780.777
1.735000 73.468 31.924 5.086 194752.718
1.736000 73.466 31.921 5.086 194747.005
1.737000 73.463 31.917 5.086 194736.386
1.738000 73.461 31.913 5.086 194814.467
1.739000 73.459 31.910 5.086 194762.444
1.740000 73.456 31.906 5.086 194879.076
1.741000 73.454 31.902 5.086 194925.666
1.742000 73.452 31.898 5.086 195000.064
1.743000 73.449 31.895 5.086 194860.775
1.744000 73.447 31.891 5.086 194828.508
1.745000 73.445 31.887 5.086 195005.454
1.746000 73.442 31.884 5.086 195237.441
1.747000 73.440 31.880 5.086 195262.806
1.748000 73.438 31.877 5.086 195270.926
1.749000 73.435 31.873 5.086 195354.821
1.750000 73.433 31.869 5.086 195307.213
1.751000 73.431 31.866 5.086 195407.629
1.752000 73.429 31.862 5.086 195483.913
1.753000 73.426 31.858 5.086 195479.123
1.754000 73.424 31.855 5.086 195462.161
1.755000 73.422 31.851 5.086 195477.438
1.756000 73.419 31.847 5.086 195531.188
1.757000 73.417 31.844 5.086 195564.584
1.758000 73.415 31.840 5.086 195473.024
1.759000 73.412 31.836 5.086 195473.528
1.760000 73.410 31.833 5.086 195513.544
1.761000 73.408 31.829 5.086 195746.051
1.762000 73.405 31.826 5.086 195722.698
1.763000 73.403 31.822 5.086 195686.231
1.764000 73.401 31.818 5.086 195684.097
1.765000 73.399 31.815 5.086 195639.189
1.766000 73.396 31.811 5.086 195678.674
1.767000 73.394 31.807 5.086 195685.084
1.768000 73.392 31.804 5.086 195690.898
1.769000 73.389 31.800 5.086 195705.341
1.770000 73.387 31.797 5.086 195640.062
1.771000 73.385 31.793 5.086 195595.234
1.772000 73.382 31.789 5.086 195463.189
1.773000 73.380 31.786 5.086 195464.843
1.774000 73.378 31.782 5.086 195409.956
1.775000 73.375 31.778 5.086 195410.418
1.776000 73.373 31.775 5.086 195481.419
1.777000 73.371 31.771 5.086 195652.431
1.778000 73.368 31.768 5.086 195690.577
1.779000 73.366 31.764 5.086 195720.091
1.780000 73.364 31.761 5.086 195625.620
1.781000 73.362 31.757 5.086 195605.586
1.782000 73.359 31.753 5.086 195577.161
1.783000 73.357 31.750 5.086 195589.304
1.784000 73.355 31.746 5.086 195614.553
1.785000 73.352 31.743 5.086 195574.627
1.786000 73.350 31.739 5.086 195594.470
1.787000 73.348 31.735 5.086 195592.074
1.788000 73.345 31.732 5.086 195615.758
1.789000 73.343 31.728 5.086 195672.831
1.790000 73.341 31.725 5.086 195702.691
1.791000 73.338 31.721 5.086 195584.355
1.792000 73.336 31.718 5.086 195716.591
1.793000 73.334 31.714 5.086 195745.810
1.794000 73.332 31.710 5.086 195861.436
1.795000 73.329 31.707 5.086 195949.490
1.796000 73.327 31.703 5.086 195894.339
1.797000 73.325 31.700 5.086 195846.676
1.798000 73.322 31.696 5.086 195791.165
1.799000 73.320 31.693 5.086 195917.788
1.800000 73.318 31.689 5.086 195963.760
1.801000 73.315 31.686 5.086 196021.754
1.802000 73.313 31.682 5.086 196244.890
1.803000 73.311 31.678 5.086 196283.674
1.804000 73.308 31.675 5.086 196020.194
1.805000 73.306 31.671 5.086 196170.760
1.806000 73.304 31.668 5.086 196183.887
1.807000 73.302 31.664 5.086 196123.557
1.808000 73.299 31.661 5.086 196201.815
1.809000 73.297 31.657 5.086 196240.505
1.810000 73.295 31.654 5.086 196226.056
1.811000 73.292 31.650 5.086 196192.288
1.812000 73.290 31.647 5.086 196383.382
1.813000 73.288 31.643 5.086 196397.676
1.814000 73.285 31.640 5.086 196408.294
1.815000 73.283 31.636 5.086 196380.865
1.816000 73.281 31.633 5.086 196377.199
1.817000 73.278 31.629 5.086 196445.212
1.818000 73.276 31.625 5.086 196429.077
1.819000 73.274 31.622 5.086 196498.964
1.820000 73.272 31.618 5.086 196527.366
1.821000 73.269 31.615 5.086 196588.478
1.822000 73.267 31.611 5.086 196539.015
1.823000 73.265 31.608 5.086 196584.597
1.824000 73.262 31.604 5.086 196583.094
1.825000 73.260 31.601 5.086 196409.948
1.826000 73.258 31.597 5.086 196390.673
1.827000 73.255 31.594 5.086 196568.652
1.828000 73.253 31.590 5.086 196662.808
1.829000 73.251 31.587 5.086 196671.808
1.830000 73.249 31.583 5.086 196631.154
1.831000 73.246 31.580 5.086 196750.048
1.832000 73.244 31.576 5.086 196606.920
1.833000 73.242 31.573 5.086 196596.061
1.834000 73.239 31.569 5.086 196650.651
1.835000 73.237 31.566 5.086 196697.094
1.836000 73.235 31.563 5.086 196460.423
1.837000 73.232 31.559 5.086 196493.382
1.838000 73.230 31.556 5.086 196530.510
1.839000 73.228 31.552 5.086 196508.595
1.840000 73.225 31.549 5.086 196587.408
1.841000 73.223 31.545 5.086 196582.037
1.842000 73.221 31.542 5.086 196599.717
1.843000 73.219 31.538 5.086 196658.529
1.844000 73.216 31.535 5.086 196770.481
1.845000 73.214 31.531 5.086 196781.758
1.846000 73.212 31.528 5.086 196848.068
1.847000 73.209 31.524 5.086 196794.562
1.848000 73.207 31.521 5.086 196796.999
1.849000 73.205 31.517 5.086 196816.464
1.850000 73.202 31.514 5.086 196814.477
1.851000 73.200 31.511 5.086 196876.786
1.852000 73.198 31.507 5.086 196975.687
1.853000 73.196 31.504 5.086 197086.092
1.854000 73.193 31.500 5.086 197114.617
1.855000 73.191 31.497 5.086 196905.324
1.856000 73.189 31.493 5.086 196892.450
1.857000 73.186 31.490 5.086 197030.485
1.858000 73.184 31.486 5.086 196907.282
1.859000 73.182 31.483 5.086 196866.622
1.860000 73.179 31.480 5.086 196949.782
1.861000 73.177 31.476 5.086 196990.607
1.862000 73.175 31.473 5.086 196965.606
1.863000 73.172 31.469 5.086 197062.406
1.864000 73.170 31.466 5.086 197177.719
1.865000 73.168 31.462 5.086 196981.062
1.866000 73.166 31.459 5.086 196928.861
1.867000 73.163 31.456 5.086 196819.855
1.868000 73.161 31.452 5.086 196924.193
1.869000 73.159 31.449 5.086 196998.000
1.870000 73.156 31.445 5.086 197104.425
1.871000 73.154 31.442 5.086 197228.253
1.872000 73.152 31.438 5.086 197126.164
1.873000 73.149 31.435 5.086 197191.132
1.874000 73.147 31.432 5.086 197277.919
1.875000 73.145 31.428 5.086 197382.543
1.876000 73.143 31.425 5.086 197502.095
1.877000 73.140 31.421 5.086 197427.912
1.878000 73.138 31.418 5.086 197461.439
1.879000 73.136 31.415 5.086 197457.935
1.880000 73.133 31.411 5.086 197533.389
1.881000 73.131 31.408 5.086 197633.529
1.882000 73.129 31.405 5.086 197600.772
1.883000 73.126 31.401 5.086 197576.517
1.884000 73.124 31.398 5.086 197775.914
1.885000 73.122 31.394 5.086 197679.500
1.886000 73.120 31.391 5.086 197477.254
1.887000 73.117 31.388 5.086 197531.050
1.888000 73.115 31.384 5.086 197558.561
1.889000 73.113 31.381 5.086 197694.464
1.890000 73.110 31.377 5.086 197771.580
1.891000 73.108 31.374 5.086 197790.791
1.892000 73.106 31.371 5.086 197758.573
1.893000 73.103 31.367 5.086 197683.813
1.894000 73.101 31.364 5.086 197731.301
1.895000 73.099 31.361 5.086 197730.467
1.896000 73.096 31.357 5.086 197757.763
1.897000 73.094 31.354 5.086 197669.182
1.898000 73.092 31.351 5.086 197637.934
1.899000 73.090 31.347 5.086 197572.369
1.900000 73.087 31.344 5.086 197570.063
1.901000 73.085 31.340 5.086 197614.135
1.902000 73.083 31.337 5.086 197628.548
1.903000 73.080 31.334 5.086 197654.849
1.904000 73.078 31.330 5.086 197781.815
1.905000 73.076 31.327 5.086 197853.803
1.906000 73.073 31.324 5.086 197859.976
1.907000 73.071 31.320 5.086 197904.139
1.908000 73.069 31.317 5.086 197893.448
1.909000 73.067 31.314 5.086 197983.815
1.910000 73.064 31.310 5.086 197891.253
1.911000 73.062 31.307 5.086 197867.918
1.912000 73.060 31.304 5.086 197810.599
1.913000 73.057 31.300 5.086 197834.291
1.914000 73.055 31.297 5.086 197767.531
1.915000 73.053 31.294 5.086 197705.109
1.916000 73.050 31.290 5.086 197860.223
1.917000 73.048 31.287 5.086 197830.670
1.918000 73.046 31.284 5.086 197877.590
1.919000 73.044 31.280 5.086 197789.321
1.920000 73.041 31.277 5.086 197753.038
1.921000 73.039 31.274 5.086 197787.012
1.922000 73.037 31.270 5.086 197829.148
1.923000 73.034 31.267 5.086 197919.931
1.924000 73.032 31.264 5.086 197852.098
1.925000 73.030 31.260 5.086 197890.950
1.926000 73.027 31.257 5.086 197948.046
1.927000 73.025 31.254 5.086 197976.081
1.928000 73.023 31.251 5.086 197939.465
1.929000 73.021 31.247 5.086 197872.893
1.930000 73.018 31.244 5.086 198015.457
1.931000 73.016 31.241 5.086 198146.037
1.932000 73.014 31.237 5.086 198284.005
1.933000 73.011 31.234 5.086 198280.847
1.934000 73.009 31.231 5.086 198271.554
1.935000 73.007 31.228 5.086 198316.874
1.936000 73.004 31.224 5.086 198258.613
1.937000 73.002 31.221 5.086 198359.271
1.938000 73.000 31.218 5.086 198359.758
1.939000 72.998 31.214 5.086 198445.153
1.940000 72.995 31.211 5.086 198508.455
1.941000 72.993 31.208 5.086 198329.390
1.942000 72.991 31.205 5.086 198189.810
1.943000 72.988 31.201 5.086 198191.867
1.944000 72.986 31.198 5.086 198130.439
1.945000 72.984 31.195 5.086 198127.510
1.946000 72.981 31.191 5.086 198091.532
1.947000 72.979 31.188 5.086 198160.375
1.948000 72.977 31.185 5.086 198282.905
1.949000 72.975 31.182 5.086 198441.171
1.950000 72.972 31.178 5.086 198397.097
1.951000 72.970 31.175 5.086 198301.006
1.952000 72.968 31.172 5.086 198332.903
1.953000 72.965 31.169 5.086 198469.711
1.954000 72.963 31.165 5.086 198350.816
1.955000 72.961 31.162 5.086 198409.966
1.956000 72.958 31.159 5.086 198375.024
1.957000 72.956 31.156 5.086 198378.122
1.958000 72.954 31.152 5.086 198391.947
1.959000 72.952 31.149 5.086 198486.435
1.960000 72.949 31.146 5.086 198555.432
1.961000 72.947 31.143 5.086 198585.452
1.962000 72.945 31.139 5.086 198543.137
1.963000 72.942 31.136 5.086 198488.163
1.964000 72.940 31.133 5.086 198520.168
1.965000 72.938 31.130 5.086 198499.669
1.966000 72.935 31.126 5.086 198604.930
1.967000 72.933 31.123 5.086 198739.968
1.968000 72.931 31.120 5.086 198829.993
1.969000 72.929 31.117 5.086 198796.877
1.970000 72.926 31.114 5.086 198742.400
1.971000 72.924 31.110 5.086 198693.753
1.972000 72.922 31.107 5.086 198714.611
1.973000 72.919 31.104 5.086 198705.865
1.974000 72.917 31.101 5.086 198733.999
1.975000 72.915 31.097 5.086 198714.575
1.976000 72.912 31.094 5.086 198642.952
1.977000 72.910 31.091 5.086 198629.557
1.978000 72.908 31.088 5.086 198665.527
1.979000 72.906 31.085 5.086 198677.433
1.980000 72.903 31.081 5.086 198691.225
1.981000 72.901 31.078 5.086 198814.682
1.982000 72.899 31.075 5.086 198836.798
1.983000 72.896 31.072 5.086 198938.681
1.984000 72.894 31.069 5.086 198890.348
1.985000 72.892 31.065 5.086 198927.965
1.986000 72.889 31.062 5.086 198916.778
1.987000 72.887 31.059 5.086 198848.999
1.988000 72.885 31.056 5.086 198892.759
1.989000 72.883 31.053 5.086 199013.669
1.990000 72.880 31.049 5.086 198921.884
1.991000 72.878 31.046 5.086 198933.989
1.992000 72.876 31.043 5.086 198924.925
1.993000 72.873 31.040 5.086 198886.819
1.994000 72.871 31.037 5.086 198978.020
1.995000 72.869 31.034 5.086 199021.612
1.996000 72.866 31.030 5.086 199002.103
1.997000 72.864 31.027 5.086 199032.234
1.998000 72.862 31.024 5.086 199039.939
1.999000 72.860 31.021 5.086 198999.870
2.000000 72.857 31.018 5.086 198853.119
