0.001000 78.746 43.325 5.020 101686.398
0.002000 78.807 43.430 5.020 101596.680
0.003000 78.554 42.993 5.020 101553.256
0.004000 78.954 42.716 4.980 101551.192
0.005000 78.954 42.716 4.980 101552.907
0.006000 78.954 42.716 4.980 101553.316
0.007000 78.954 42.715 4.980 101553.106
0.008000 78.954 42.715 4.980 101552.799
0.009000 78.953 42.714 4.980 101552.625
0.010000 78.953 42.714 4.980 101552.637
0.011000 78.953 42.713 4.980 101552.799
0.012000 78.952 42.712 4.980 101553.045
0.013000 78.952 42.712 4.980 101553.308
0.014000 78.951 42.711 4.980 101553.534
0.015000 78.951 42.710 4.980 101553.691
0.016000 78.950 42.709 4.980 101553.770
0.017000 78.950 42.708 4.980 101553.777
0.018000 78.949 42.707 4.980 101553.724
0.019000 78.927 42.719 5.086 101553.641
0.020000 78.926 42.717 5.086 101553.557
0.021000 78.926 42.716 5.086 101553.553
0.022000 78.925 42.715 5.086 101553.581
0.023000 78.924 42.714 5.086 101553.647
0.024000 78.923 42.712 5.086 101553.751
0.025000 78.922 42.711 5.086 101553.888
0.026000 78.922 42.710 5.086 101554.059
0.027000 78.921 42.708 5.086 101554.268
0.028000 78.920 42.706 5.086 101554.513
0.029000 78.919 42.705 5.086 101554.792
0.030000 78.918 42.703 5.086 101555.100
0.031000 78.917 42.701 5.086 101555.439
0.032000 78.916 42.700 5.086 101555.811
0.033000 78.915 42.698 5.086 101556.217
0.034000 78.914 42.696 5.086 101556.656
0.035000 78.913 42.694 5.086 101557.123
0.036000 78.911 42.692 5.086 101557.610
0.037000 78.910 42.690 5.086 101558.122
0.038000 78.909 42.688 5.086 101558.659
0.039000 78.908 42.685 5.086 101559.208
0.040000 78.906 42.683 5.086 101559.755
0.041000 78.905 42.681 5.086 101560.288
0.042000 78.904 42.679 5.086 101560.802
0.043000 78.902 42.676 5.086 101561.304
0.044000 78.901 42.674 5.086 101561.806
0.045000 78.899 42.671 5.086 101562.320
0.046000 78.898 42.669 5.086 101562.852
0.047000 78.896 42.666 5.086 101563.407
0.048000 78.895 42.663 5.086 101563.984
0.049000 78.893 42.660 5.086 101564.584
0.050000 78.892 42.658 5.086 101565.199
0.051000 78.890 42.655 5.086 101565.821
0.052000 78.888 42.652 5.086 101566.447
0.053000 78.887 42.649 5.086 101567.072
0.054000 78.885 42.646 5.086 101567.692
0.055000 78.883 42.643 5.086 101568.304
0.056000 78.881 42.640 5.086 101568.909
0.057000 78.879 42.636 5.086 101569.511
0.058000 78.877 42.633 5.086 101570.118
0.059000 78.876 42.630 5.086 101570.735
0.060000 78.874 42.626 5.086 101571.362
0.061000 78.872 42.623 5.086 101571.988
0.062000 78.870 42.620 5.086 101572.604
0.063000 78.868 42.616 5.086 101573.207
0.064000 78.866 42.612 5.086 101573.802
0.065000 78.863 42.609 5.086 101574.407
0.066000 78.861 42.605 5.086 101575.034
0.067000 78.859 42.601 5.086 101575.683
0.068000 78.857 42.597 5.086 101576.339
0.069000 78.855 42.594 5.086 101576.990
0.070000 78.852 42.590 5.086 101577.626
0.071000 78.850 42.586 5.086 101578.243
0.072000 78.848 42.582 5.086 101578.845
0.073000 78.845 42.578 5.086 101579.436
0.074000 78.843 42.573 5.086 101580.017
0.075000 78.841 42.569 5.086 101580.590
0.076000 78.838 42.565 5.086 101581.156
0.077000 78.836 42.561 5.086 101581.722
0.078000 78.833 42.556 5.086 101582.296
0.079000 78.830 42.552 5.086 101582.887
0.080000 78.828 42.547 5.086 101583.503
0.081000 78.825 42.543 5.086 101584.142
0.082000 78.823 42.538 5.086 101584.805
0.083000 78.820 42.533 5.086 101585.494
0.084000 78.817 42.529 5.086 101586.220
0.085000 78.814 42.524 5.086 101586.990
0.086000 78.812 42.519 5.086 101587.795
0.087000 78.809 42.514 5.086 101588.621
0.088000 78.806 42.509 5.086 101589.448
0.089000 78.803 42.504 5.086 101590.260
0.090000 78.800 42.499 5.086 101591.059
0.091000 78.797 42.494 5.086 101591.852
0.092000 78.794 42.489 5.086 101592.596
0.093000 78.791 42.484 5.086 101593.353
0.094000 78.788 42.478 5.086 101594.115
0.095000 78.785 42.473 5.086 101594.864
0.096000 78.782 42.468 5.086 101595.595
0.097000 78.779 42.462 5.086 101596.311
0.098000 78.776 42.457 5.086 101597.031
0.099000 78.772 42.451 5.086 101597.776
0.100000 78.769 42.446 5.086 101598.543
0.101000 78.766 42.440 5.086 101599.315
0.102000 78.763 42.434 5.086 101600.076
0.103000 78.759 42.428 5.086 101600.820
0.104000 78.756 42.423 5.086 101601.544
0.105000 78.752 42.417 5.086 101602.248
0.106000 78.749 42.411 5.086 101602.926
0.107000 78.746 42.405 5.086 101603.583
0.108000 78.742 42.399 5.086 101604.233
0.109000 78.739 42.392 5.086 101604.894
0.110000 78.735 42.386 5.086 101605.587
0.111000 78.731 42.380 5.086 101606.320
0.112000 78.728 42.374 5.086 101607.094
0.113000 78.724 42.367 5.086 101607.895
0.114000 78.720 42.361 5.086 101608.707
0.115000 78.717 42.355 5.086 101609.514
0.116000 78.713 42.348 5.086 101610.303
0.117000 78.709 42.341 5.086 101611.072
0.118000 78.705 42.335 5.086 101611.827
0.119000 78.701 42.328 5.086 101612.575
0.120000 78.698 42.321 5.086 101613.316
0.121000 78.694 42.315 5.086 101614.044
0.122000 78.690 42.308 5.086 101614.756
0.123000 78.686 42.301 5.086 101615.458
0.124000 78.682 42.294 5.086 101616.160
0.125000 78.678 42.287 5.086 101616.874
0.126000 78.673 42.280 5.086 101617.608
0.127000 78.669 42.273 5.086 101618.365
0.128000 78.665 42.265 5.086 101619.141
0.129000 78.661 42.258 5.086 101619.929
0.130000 78.657 42.251 5.086 101620.716
0.131000 78.653 42.244 5.086 101621.495
0.132000 78.648 42.236 5.086 101622.265
0.133000 78.644 42.229 5.086 101623.035
0.134000 78.640 42.221 5.086 101623.810
0.135000 78.635 42.214 5.086 101624.595
0.136000 78.631 42.206 5.086 101625.391
0.137000 78.626 42.198 5.086 101626.200
0.138000 78.622 42.190 5.086 101627.034
0.139000 78.617 42.183 5.086 101627.903
0.140000 78.613 42.175 5.086 101628.814
0.141000 78.608 42.167 5.086 101629.770
0.142000 78.604 42.159 5.086 101630.772
0.143000 78.599 42.151 5.086 101631.819
0.144000 78.594 42.143 5.086 101632.907
0.145000 78.590 42.135 5.086 101634.025
0.146000 78.585 42.126 5.086 101635.163
0.147000 78.580 42.118 5.086 101636.312
0.148000 78.575 42.110 5.086 101637.465
0.149000 78.571 42.101 5.086 101638.613
0.150000 78.566 42.093 5.086 101639.749
0.151000 78.561 42.085 5.086 101640.865
0.152000 78.556 42.076 5.086 101641.961
0.153000 78.551 42.067 5.086 101643.039
0.154000 78.546 42.059 5.086 101644.107
0.155000 78.541 42.050 5.086 101638.372
0.156000 78.536 42.041 5.086 101635.056
0.157000 78.531 42.033 5.086 101634.046
0.158000 78.526 42.024 5.086 101633.882
0.159000 78.521 42.015 5.086 101633.949
0.160000 78.516 42.007 5.086 101634.075
0.161000 78.511 41.998 5.086 101634.217
0.162000 78.506 41.989 5.086 101634.342
0.163000 78.501 41.981 5.086 101634.421
0.164000 78.496 41.972 5.086 101634.449
0.165000 78.491 41.963 5.086 101634.458
0.166000 78.486 41.955 5.086 101634.509
0.167000 78.481 41.946 5.086 101634.660
0.168000 78.476 41.938 5.086 101634.945
0.169000 78.471 41.929 5.086 101635.362
0.170000 78.466 41.920 5.086 101635.878
0.171000 78.461 41.912 5.086 101636.458
0.172000 78.456 41.903 5.086 101637.074
0.173000 78.451 41.894 5.086 101637.709
0.174000 78.446 41.886 5.086 101638.335
0.175000 78.441 41.877 5.086 101638.916
0.176000 78.436 41.868 5.086 101639.428
0.177000 78.431 41.860 5.086 101639.864
0.178000 78.426 41.851 5.086 101640.252
0.179000 78.421 41.842 5.086 101640.625
0.180000 78.416 41.834 5.086 101640.999
0.181000 78.411 41.825 5.086 101641.346
0.182000 78.406 41.816 5.086 101641.615
0.183000 78.401 41.808 5.086 101641.766
0.184000 78.396 41.799 5.086 101641.792
0.185000 78.391 41.790 5.086 101641.715
0.186000 78.386 41.782 5.086 101641.557
0.187000 78.381 41.773 5.086 101641.344
0.188000 78.376 41.764 5.086 101641.131
0.189000 78.371 41.756 5.086 101640.997
0.190000 78.366 41.747 5.086 101641.021
0.191000 78.361 41.738 5.086 101641.237
0.192000 78.356 41.730 5.086 101641.617
0.193000 78.351 41.721 5.086 101642.070
0.194000 78.346 41.712 5.086 101642.477
0.195000 78.341 41.704 5.086 101642.751
0.196000 78.336 41.695 5.086 101642.893
0.197000 78.331 41.686 5.086 101642.976
0.198000 78.326 41.678 5.086 101643.086
0.199000 78.321 41.669 5.086 101643.279
0.200000 78.316 41.660 5.086 101643.582
0.201000 78.311 41.652 5.086 101644.004
0.202000 78.306 41.643 5.086 101644.516
0.203000 78.301 41.634 5.086 101645.054
0.204000 78.296 41.626 5.086 101645.546
0.205000 78.291 41.617 5.086 101645.940
0.206000 78.286 41.608 5.086 101646.210
0.207000 78.281 41.600 5.086 101646.367
0.208000 78.276 41.591 5.086 101646.440
0.209000 78.271 41.582 5.086 101646.453
0.210000 78.266 41.574 5.086 101646.402
0.211000 78.261 41.565 5.086 101646.248
0.212000 78.256 41.556 5.086 101645.933
0.213000 78.251 41.548 5.086 101645.422
0.214000 78.246 41.539 5.086 101644.731
0.215000 78.241 41.530 5.086 101643.959
0.216000 78.236 41.522 5.086 101643.277
0.217000 78.231 41.513 5.086 101642.871
0.218000 78.226 41.504 5.086 101642.852
0.219000 78.221 41.496 5.086 101643.198
0.220000 78.216 41.487 5.086 101643.763
0.221000 78.211 41.479 5.086 101644.352
0.222000 78.206 41.470 5.086 101644.801
0.223000 78.201 41.461 5.086 101645.015
0.224000 78.196 41.453 5.086 101644.980
0.225000 78.191 41.444 5.086 101644.746
0.226000 78.186 41.435 5.086 101644.403
0.227000 78.181 41.427 5.086 101644.053
0.228000 78.176 41.418 5.086 101643.792
0.229000 78.171 41.409 5.086 101643.709
0.230000 78.166 41.401 5.086 101643.868
0.231000 78.161 41.392 5.086 101644.257
0.232000 78.156 41.383 5.086 101645.432
0.233000 78.151 41.375 5.086 101646.721
0.234000 78.146 41.366 5.086 101647.748
0.235000 78.141 41.357 5.086 101648.536
0.236000 78.136 41.348 5.086 101649.219
0.237000 78.131 41.340 5.086 101649.846
0.238000 78.126 41.331 5.086 101650.342
0.239000 78.121 41.322 5.086 101650.569
0.240000 78.116 41.314 5.086 101650.408
0.241000 78.111 41.305 5.086 101649.823
0.242000 78.106 41.296 5.086 101648.917
0.243000 78.101 41.287 5.086 101647.924
0.244000 78.096 41.278 5.086 101647.140
0.245000 78.091 41.270 5.086 101646.814
0.246000 78.086 41.261 5.086 101647.048
0.247000 78.081 41.252 5.086 101647.771
0.248000 78.076 41.243 5.086 101648.789
0.249000 78.071 41.234 5.086 101649.870
0.250000 78.066 41.226 5.086 101650.819
0.251000 78.061 41.217 5.086 101651.516
0.252000 78.056 41.208 5.086 101651.933
0.253000 78.051 41.199 5.086 101652.120
0.254000 78.046 41.190 5.086 101652.183
0.255000 78.041 41.181 5.086 101652.241
0.256000 78.036 41.172 5.086 101652.390
0.257000 78.031 41.163 5.086 101652.711
0.258000 78.026 41.155 5.086 101653.277
0.259000 78.021 41.146 5.086 101654.111
0.260000 78.016 41.137 5.086 101655.144
0.261000 78.011 41.128 5.086 101656.240
0.262000 78.006 41.119 5.086 101657.248
0.263000 78.001 41.110 5.086 101658.064
0.264000 77.996 41.101 5.086 101658.638
0.265000 77.991 41.092 5.086 101658.949
0.266000 77.986 41.083 5.086 101658.982
0.267000 77.981 41.074 5.086 101658.764
0.268000 77.976 41.065 5.086 101658.400
0.269000 77.971 41.056 5.086 101658.061
0.270000 77.966 41.047 5.086 101657.897
0.271000 77.961 41.038 5.086 101657.971
0.272000 77.956 41.029 5.086 101658.275
0.273000 77.951 41.020 5.086 101658.784
0.274000 77.946 41.010 5.086 101659.479
0.275000 77.941 41.001 5.086 101660.314
0.276000 77.936 40.992 5.086 101661.189
0.277000 77.931 40.983 5.086 101661.966
0.278000 77.926 40.974 5.086 101662.525
0.279000 77.921 40.965 5.086 101662.821
0.280000 77.916 40.956 5.086 101662.888
0.281000 77.911 40.947 5.086 101662.829
0.282000 77.906 40.938 5.086 101662.784
0.283000 77.901 40.928 5.086 101662.859
0.284000 77.896 40.919 5.086 101663.103
0.285000 77.891 40.910 5.086 101663.532
0.286000 77.886 40.901 5.086 101664.154
0.287000 77.881 40.892 5.086 101664.949
0.288000 77.876 40.882 5.086 101665.863
0.289000 77.871 40.873 5.086 101666.821
0.290000 77.866 40.864 5.086 101667.748
0.291000 77.861 40.855 5.086 101668.573
0.292000 77.856 40.845 5.086 101669.226
0.293000 77.851 40.836 5.086 101669.641
0.294000 77.846 40.827 5.086 101669.779
0.295000 77.841 40.818 5.086 101669.652
0.296000 77.836 40.808 5.086 101669.328
0.297000 77.831 40.799 5.086 101668.918
0.298000 77.826 40.790 5.086 101668.540
0.299000 77.821 40.780 5.086 101668.300
0.300000 77.816 40.771 5.086 101668.282
0.301000 77.811 40.762 5.086 101668.528
0.302000 77.806 40.752 5.086 101669.000
0.303000 77.801 40.743 5.086 101669.603
0.304000 77.796 40.734 5.086 101670.221
0.305000 77.791 40.724 5.086 101670.778
0.306000 77.786 40.715 5.086 101671.239
0.307000 77.781 40.705 5.086 101671.600
0.308000 77.776 40.696 5.086 101671.883
0.309000 77.771 40.687 5.086 101672.150
0.310000 77.766 40.677 5.086 101672.494
0.311000 77.761 40.668 5.086 101673.011
0.312000 77.756 40.658 5.086 101673.733
0.313000 77.751 40.649 5.086 101674.609
0.314000 77.746 40.639 5.086 101675.523
0.315000 77.741 40.630 5.086 101676.369
0.316000 77.736 40.620 5.086 101677.098
0.317000 77.731 40.611 5.086 101677.700
0.318000 77.726 40.601 5.086 101678.165
0.319000 77.721 40.592 5.086 101678.464
0.320000 77.716 40.582 5.086 101678.579
0.321000 77.711 40.573 5.086 101678.520
0.322000 77.706 40.563 5.086 101678.343
0.323000 77.701 40.554 5.086 101678.120
0.324000 77.696 40.544 5.086 101677.921
0.325000 77.691 40.535 5.086 101677.815
0.326000 77.686 40.525 5.086 101677.874
0.327000 77.681 40.515 5.086 101678.163
0.328000 77.676 40.506 5.086 101678.687
0.329000 77.671 40.496 5.086 101679.387
0.330000 77.666 40.487 5.086 101680.140
0.331000 77.661 40.477 5.086 101680.816
0.332000 77.656 40.467 5.086 101681.351
0.333000 77.651 40.458 5.086 101681.750
0.334000 77.646 40.448 5.086 101682.088
0.335000 77.641 40.438 5.086 101682.473
0.336000 77.636 40.429 5.086 101682.993
0.337000 77.631 40.419 5.086 101683.673
0.338000 77.626 40.409 5.086 101684.484
0.339000 77.621 40.400 5.086 101685.351
0.340000 77.616 40.390 5.086 101686.196
0.341000 77.611 40.380 5.086 101686.956
0.342000 77.606 40.370 5.086 101687.596
0.343000 77.601 40.361 5.086 101688.136
0.344000 77.596 40.351 5.086 101688.629
0.345000 77.591 40.341 5.086 101689.098
0.346000 77.586 40.331 5.086 101689.506
0.347000 77.581 40.322 5.086 101689.788
0.348000 77.576 40.312 5.086 101689.916
0.349000 77.571 40.302 5.086 101689.949
0.350000 77.566 40.292 5.086 101689.989
0.351000 77.561 40.282 5.086 101690.120
0.352000 77.556 40.272 5.086 101690.373
0.353000 77.551 40.263 5.086 101690.730
0.354000 77.546 40.253 5.086 101691.144
0.355000 77.541 40.243 5.086 101691.548
0.356000 77.536 40.233 5.086 101691.866
0.357000 77.531 40.223 5.086 101692.062
0.358000 77.526 40.213 5.086 101692.136
0.359000 77.521 40.203 5.086 101692.151
0.360000 77.516 40.193 5.086 101692.190
0.361000 77.511 40.183 5.086 101692.327
0.362000 77.506 40.173 5.086 101692.637
0.363000 77.501 40.164 5.086 101693.138
0.364000 77.496 40.154 5.086 101693.775
0.365000 77.491 40.144 5.086 101694.433
0.366000 77.486 40.134 5.086 101695.021
0.367000 77.481 40.124 5.086 101695.524
0.368000 77.476 40.114 5.086 101695.991
0.369000 77.471 40.104 5.086 101696.471
0.370000 77.466 40.094 5.086 101696.956
0.371000 77.461 40.084 5.086 101697.375
0.372000 77.456 40.074 5.086 101697.636
0.373000 77.451 40.064 5.086 101697.680
0.374000 77.446 40.053 5.086 101697.557
0.375000 77.441 40.043 5.086 101697.393
0.376000 77.436 40.033 5.086 101697.288
0.377000 77.431 40.023 5.086 101697.255
0.378000 77.426 40.013 5.086 101697.256
0.379000 77.421 40.003 5.086 101697.235
0.380000 77.416 39.993 5.086 101697.124
0.381000 77.411 39.983 5.086 101696.910
0.382000 77.406 39.973 5.086 101696.584
0.383000 77.401 39.963 5.086 101696.171
0.384000 77.396 39.952 5.086 101695.764
0.385000 77.391 39.942 5.086 101695.490
0.386000 77.386 39.932 5.086 101695.455
0.387000 77.381 39.922 5.086 101695.714
0.388000 77.376 39.912 5.086 101696.275
0.389000 77.371 39.902 5.086 101697.109
0.390000 77.366 39.891 5.086 101698.159
0.391000 77.361 39.881 5.086 101699.313
0.392000 77.356 39.871 5.086 101700.435
0.393000 77.351 39.861 5.086 101701.472
0.394000 77.346 39.850 5.086 101702.439
0.395000 77.341 39.840 5.086 101703.378
0.396000 77.336 39.830 5.086 101704.291
0.397000 77.331 39.820 5.086 101705.161
0.398000 77.326 39.809 5.086 101706.001
0.399000 77.321 39.799 5.086 101706.874
0.400000 77.316 39.789 5.086 101707.795
0.401000 77.311 39.778 5.086 101708.728
0.402000 77.306 39.768 5.086 101709.661
0.403000 77.301 39.758 5.086 101710.573
0.404000 77.296 39.747 5.086 101711.390
0.405000 77.291 39.737 5.086 101712.027
0.406000 77.286 39.727 5.086 101712.531
0.407000 77.281 39.716 5.086 101713.091
0.408000 77.276 39.706 5.086 101713.795
0.409000 77.271 39.695 5.086 101714.717
0.410000 77.266 39.685 5.086 101715.889
0.411000 77.261 39.675 5.086 101717.358
0.412000 77.256 39.664 5.086 101719.041
0.413000 77.251 39.654 5.086 101720.970
0.414000 77.246 39.643 5.086 101723.240
0.415000 77.241 39.633 5.086 101725.800
0.416000 77.236 39.622 5.086 101728.621
0.417000 77.231 39.612 5.086 101731.795
0.418000 77.226 39.601 5.086 101735.202
0.419000 77.221 39.591 5.086 101738.722
0.420000 77.216 39.580 5.086 101742.433
0.421000 77.211 39.570 5.086 101746.122
0.422000 77.206 39.559 5.086 101749.752
0.423000 77.201 39.549 5.086 101753.485
0.424000 77.196 39.538 5.086 101757.373
0.425000 77.191 39.528 5.086 101761.671
0.426000 77.186 39.517 5.086 101766.200
0.427000 77.181 39.507 5.086 101770.976
0.428000 77.176 39.496 5.086 101776.152
0.429000 77.171 39.485 5.086 101781.888
0.430000 77.177 39.469 5.050 101788.371
0.431000 77.172 39.458 5.050 101795.430
0.432000 77.167 39.448 5.050 101803.145
0.433000 77.173 39.431 4.980 101812.003
0.434000 77.168 39.420 4.980 101821.791
0.435000 77.163 39.409 4.980 101832.473
0.436000 77.158 39.399 4.980 101844.535
0.437000 77.153 39.388 4.980 101858.857
0.438000 77.148 39.377 4.980 101874.683
0.439000 77.143 39.367 4.980 101892.231
0.440000 77.138 39.356 4.980 101912.833
0.441000 77.133 39.345 4.980 101936.103
0.442000 77.128 39.334 4.980 101961.658
0.443000 77.123 39.324 4.980 101993.092
0.444000 77.118 39.313 4.980 102027.966
0.445000 77.113 39.302 4.980 102066.834
0.446000 77.108 39.291 4.980 102117.687
0.447000 77.103 39.281 4.980 102173.271
0.448000 77.098 39.270 4.980 102246.756
0.449000 77.093 39.259 4.980 102329.346
0.450000 77.088 39.248 4.980 102444.222
0.451000 77.061 39.250 4.967 102602.384
0.452000 77.056 39.239 4.967 102818.489
0.453000 77.051 39.228 4.967 103114.560
0.454000 77.064 39.207 5.014 103759.300
0.455000 77.059 39.197 5.014 105024.274
0.456000 77.058 39.183 4.980 112755.667
0.457000 77.053 39.172 4.980 136245.630
0.458000 77.048 39.162 4.980 172872.908
0.459000 77.043 39.151 4.980 212720.692
0.460000 77.034 39.142 5.014 248950.032
0.461000 77.022 39.135 5.050 279414.222
0.462000 76.969 39.152 4.976 301294.703
0.463000 76.950 39.149 5.013 334800.911
0.464000 76.916 39.155 5.004 357849.345
0.465000 76.869 39.169 5.025 373623.888
0.466000 76.841 39.171 5.055 382601.593
0.467000 76.788 39.188 4.999 391221.388
0.468000 76.760 39.190 4.975 400786.121
0.469000 76.716 39.202 5.016 406920.894
0.470000 76.684 39.207 5.016 414634.947
0.471000 76.619 39.230 4.904 432299.914
0.472000 76.615 39.219 4.904 426697.418
0.473000 76.610 39.209 4.904 372916.643
0.474000 76.605 39.198 4.904 324964.697
0.475000 76.600 39.187 4.904 288534.340
0.476000 76.595 39.176 4.904 262766.207
0.477000 76.553 39.187 5.017 252355.768
0.478000 76.548 39.177 5.017 245803.813
0.479000 76.543 39.166 5.017 240304.678
0.480000 76.539 39.155 5.017 235263.533
0.481000 76.534 39.145 5.017 231114.091
0.482000 76.529 39.134 5.017 227653.571
0.483000 76.524 39.123 5.017 224583.904
0.484000 76.520 39.113 5.017 221693.432
0.485000 76.917 38.870 4.980 220575.362
0.486000 76.912 38.860 4.980 220099.448
0.487000 76.907 38.849 4.980 219723.444
0.488000 76.902 38.838 4.980 219398.876
0.489000 76.898 38.828 4.980 219135.612
0.490000 76.893 38.817 4.980 218962.600
0.491000 76.888 38.806 4.980 218922.238
0.492000 76.862 38.808 5.086 219156.476
0.493000 76.858 38.797 5.086 219753.552
0.494000 76.853 38.787 5.086 220583.617
0.495000 76.848 38.776 5.086 221621.118
0.496000 76.844 38.766 5.086 222806.883
0.497000 76.839 38.755 5.086 224062.138
0.498000 76.835 38.744 5.086 225291.160
0.499000 76.830 38.734 5.086 226387.154
0.500000 76.825 38.723 5.086 227251.431
0.501000 76.821 38.712 5.086 227788.585
0.502000 76.816 38.702 5.086 227943.854
0.503000 76.812 38.691 5.086 227686.909
0.504000 76.807 38.681 5.086 226850.424
0.505000 76.803 38.670 5.086 225612.075
0.506000 76.798 38.659 5.086 224137.239
0.507000 76.794 38.649 5.086 222576.736
0.508000 76.789 38.638 5.086 221087.105
0.509000 76.785 38.628 5.086 219783.724
0.510000 76.780 38.617 5.086 218747.206
0.511000 76.776 38.606 5.086 218028.601
0.512000 76.771 38.596 5.086 217616.943
0.513000 76.767 38.585 5.086 217494.086
0.514000 76.762 38.575 5.086 217594.142
0.515000 76.758 38.564 5.086 217826.429
0.516000 76.753 38.554 5.086 218134.254
0.517000 76.749 38.543 5.086 218454.702
0.518000 76.744 38.533 5.086 218749.424
0.519000 76.740 38.522 5.086 218975.750
0.520000 76.735 38.511 5.086 219094.533
0.521000 76.731 38.501 5.086 219064.327
0.522000 76.726 38.490 5.086 218855.882
0.523000 76.722 38.480 5.086 218545.711
0.524000 76.717 38.469 5.086 218188.978
0.525000 76.713 38.459 5.086 217828.531
0.526000 76.709 38.448 5.086 217507.998
0.527000 76.704 38.438 5.086 217256.006
0.528000 76.700 38.427 5.086 217068.933
0.529000 76.695 38.417 5.086 216952.464
0.530000 76.691 38.406 5.086 216877.845
0.531000 76.686 38.396 5.086 216792.912
0.532000 76.682 38.385 5.086 216749.336
0.533000 76.678 38.375 5.086 216691.402
0.534000 76.673 38.364 5.086 216618.114
0.535000 76.669 38.354 5.086 216527.955
0.536000 76.664 38.344 5.086 216406.655
0.537000 76.660 38.333 5.086 216301.837
0.538000 76.655 38.323 5.086 216235.556
0.539000 76.651 38.312 5.086 216165.826
0.540000 76.647 38.302 5.086 216176.915
0.541000 76.642 38.291 5.086 216181.185
0.542000 76.638 38.281 5.086 216172.834
0.543000 76.633 38.270 5.086 216135.749
0.544000 76.629 38.260 5.086 216107.087
0.545000 76.625 38.250 5.086 216022.309
0.546000 76.620 38.239 5.086 215988.628
0.547000 76.616 38.229 5.086 215977.961
0.548000 76.611 38.218 5.086 215942.388
0.549000 76.607 38.208 5.086 215907.225
0.550000 76.603 38.198 5.086 215832.319
0.551000 76.598 38.187 5.086 215695.534
0.552000 76.594 38.177 5.086 215595.058
0.553000 76.589 38.167 5.086 215508.914
0.554000 76.585 38.156 5.086 215521.797
0.555000 76.581 38.146 5.086 215530.823
0.556000 76.576 38.135 5.086 215505.809
0.557000 76.572 38.125 5.086 215481.591
0.558000 76.568 38.115 5.086 215529.570
0.559000 76.563 38.104 5.086 215542.260
0.560000 76.559 38.094 5.086 215520.522
0.561000 76.554 38.084 5.086 215470.788
0.562000 76.550 38.073 5.086 215431.775
0.563000 76.546 38.063 5.086 215339.675
0.564000 76.541 38.053 5.086 215192.562
0.565000 76.537 38.043 5.086 215066.799
0.566000 76.532 38.032 5.086 215027.076
0.567000 76.528 38.022 5.086 215063.965
0.568000 76.524 38.012 5.086 215127.185
0.569000 76.519 38.001 5.086 215143.107
0.570000 76.515 37.991 5.086 215192.091
0.571000 76.510 37.981 5.086 215252.684
0.572000 76.506 37.971 5.086 215220.906
0.573000 76.502 37.960 5.086 215203.481
0.574000 76.497 37.950 5.086 215192.110
0.575000 76.493 37.940 5.086 215207.387
0.576000 76.489 37.930 5.086 215117.830
0.577000 76.484 37.919 5.086 215046.644
0.578000 76.480 37.909 5.086 215019.804
0.579000 76.475 37.899 5.086 215110.413
0.580000 76.471 37.889 5.086 215143.196
0.581000 76.466 37.879 5.086 215208.999
0.582000 76.462 37.868 5.086 215176.429
0.583000 76.458 37.858 5.086 215205.578
0.584000 76.453 37.848 5.086 215181.886
0.585000 76.449 37.838 5.086 215108.940
0.586000 76.444 37.828 5.086 215054.032
0.587000 76.440 37.818 5.086 214977.161
0.588000 76.436 37.808 5.086 214940.716
0.589000 76.431 37.797 5.086 214947.194
0.590000 76.427 37.787 5.086 214882.074
0.591000 76.422 37.777 5.086 214871.126
0.592000 76.418 37.767 5.086 214947.926
0.593000 76.413 37.757 5.086 215001.567
0.594000 76.409 37.747 5.086 215005.302
0.595000 76.405 37.737 5.086 215019.024
0.596000 76.400 37.727 5.086 215004.571
0.597000 76.396 37.717 5.086 214999.122
0.598000 76.391 37.707 5.086 214944.633
0.599000 76.387 37.696 5.086 214866.539
0.600000 76.382 37.686 5.086 214870.550
0.601000 76.378 37.676 5.086 214900.246
0.602000 76.373 37.666 5.086 215017.734
0.603000 76.369 37.656 5.086 214988.384
0.604000 76.364 37.646 5.086 215031.563
0.605000 76.360 37.636 5.086 215004.169
0.606000 76.355 37.626 5.086 214948.917
0.607000 76.351 37.616 5.086 214900.095
0.608000 76.346 37.606 5.086 214801.019
0.609000 76.342 37.596 5.086 214817.487
0.610000 76.337 37.586 5.086 214808.697
0.611000 76.333 37.576 5.086 214693.320
0.612000 76.328 37.566 5.086 214703.243
0.613000 76.324 37.557 5.086 214854.068
0.614000 76.319 37.547 5.086 214914.831
0.615000 76.315 37.537 5.086 214914.754
0.616000 76.310 37.527 5.086 214836.889
0.617000 76.306 37.517 5.086 214721.315
0.618000 76.301 37.507 5.086 214710.994
0.619000 76.297 37.497 5.086 214704.360
0.620000 76.292 37.487 5.086 214687.130
0.621000 76.287 37.477 5.086 214741.454
0.622000 76.283 37.467 5.086 214887.195
0.623000 76.278 37.458 5.086 214856.106
0.624000 76.274 37.448 5.086 214901.410
0.625000 76.269 37.438 5.086 214935.885
0.626000 76.264 37.428 5.086 214904.881
0.627000 76.260 37.418 5.086 214967.052
0.628000 76.255 37.409 5.086 214946.631
0.629000 76.251 37.399 5.086 214903.930
0.630000 76.246 37.389 5.086 214874.016
0.631000 76.241 37.379 5.086 214695.328
0.632000 76.237 37.369 5.086 214654.999
0.633000 76.232 37.360 5.086 214601.306
0.634000 76.227 37.350 5.086 214527.139
0.635000 76.223 37.340 5.086 214624.209
0.636000 76.218 37.331 5.086 214568.574
0.637000 76.213 37.321 5.086 214576.154
0.638000 76.209 37.311 5.086 214521.354
0.639000 76.204 37.301 5.086 214332.626
0.640000 76.199 37.292 5.086 214397.385
0.641000 76.195 37.282 5.086 214405.879
0.642000 76.190 37.273 5.086 214395.543
0.643000 76.185 37.263 5.086 214399.400
0.644000 76.180 37.253 5.086 214377.228
0.645000 76.176 37.244 5.086 214321.321
0.646000 76.171 37.234 5.086 214381.340
0.647000 76.166 37.224 5.086 214465.745
0.648000 76.161 37.215 5.086 214368.495
0.649000 76.156 37.205 5.086 214346.785
0.650000 76.152 37.196 5.086 214324.024
0.651000 76.147 37.186 5.086 214333.235
0.652000 76.142 37.177 5.086 214344.774
0.653000 76.137 37.167 5.086 214258.516
0.654000 76.132 37.158 5.086 214241.892
0.655000 76.128 37.148 5.086 214169.261
0.656000 76.123 37.139 5.086 214286.012
0.657000 76.118 37.129 5.086 214190.030
0.658000 76.113 37.120 5.086 214088.953
0.659000 76.108 37.110 5.086 213972.551
0.660000 76.103 37.101 5.086 213915.615
0.661000 76.098 37.091 5.086 213845.114
0.662000 76.093 37.082 5.086 213813.768
0.663000 76.088 37.073 5.086 213756.964
0.664000 76.083 37.063 5.086 213750.131
0.665000 76.078 37.054 5.086 213712.059
0.666000 76.073 37.045 5.086 213801.103
0.667000 76.068 37.035 5.086 213745.402
0.668000 76.063 37.026 5.086 213597.622
0.669000 76.058 37.017 5.086 213656.627
0.670000 76.053 37.007 5.086 213876.952
0.671000 76.048 36.998 5.086 213771.617
0.672000 76.043 36.989 5.086 213644.527
0.673000 76.038 36.979 5.086 213443.970
0.674000 76.033 36.970 5.086 213299.111
0.675000 76.028 36.961 5.086 213295.761
0.676000 76.023 36.952 5.086 213261.352
0.677000 76.018 36.943 5.086 213247.199
0.678000 76.013 36.933 5.086 213180.136
0.679000 76.008 36.924 5.086 212944.415
0.680000 76.003 36.915 5.086 212980.427
0.681000 75.997 36.906 5.086 213014.298
0.682000 75.992 36.897 5.086 213075.982
0.683000 75.987 36.888 5.086 213019.203
0.684000 75.982 36.879 5.086 212999.678
0.685000 75.977 36.869 5.086 212889.282
0.686000 75.971 36.860 5.086 212670.115
0.687000 75.966 36.851 5.086 212587.431
0.688000 75.961 36.842 5.086 212582.648
0.689000 75.956 36.833 5.086 212700.667
0.690000 75.950 36.824 5.086 212744.372
0.691000 75.945 36.815 5.086 212656.608
0.692000 75.940 36.806 5.086 212547.581
0.693000 75.934 36.797 5.086 212472.752
0.694000 75.929 36.788 5.086 212609.711
0.695000 75.924 36.779 5.086 212504.778
0.696000 75.918 36.771 5.086 212314.178
0.697000 75.913 36.762 5.086 212290.313
0.698000 75.908 36.753 5.086 212286.415
0.699000 75.902 36.744 5.086 212259.212
0.700000 75.897 36.735 5.086 212154.580
0.701000 75.891 36.726 5.086 211939.847
0.702000 75.886 36.717 5.086 211924.283
0.703000 75.880 36.709 5.086 211843.415
0.704000 75.875 36.700 5.086 211811.096
0.705000 75.869 36.691 5.086 211788.730
0.706000 75.864 36.682 5.086 211743.778
0.707000 75.858 36.674 5.086 211849.071
0.708000 75.853 36.665 5.086 211882.235
0.709000 75.847 36.656 5.086 211818.886
0.710000 75.842 36.648 5.086 211789.921
0.711000 75.836 36.639 5.086 211729.787
0.712000 75.830 36.630 5.086 211796.102
0.713000 75.825 36.622 5.086 211624.329
0.714000 75.819 36.613 5.086 211646.306
0.715000 75.813 36.604 5.086 211672.955
0.716000 75.808 36.596 5.086 211737.917
0.717000 75.802 36.587 5.086 211779.018
0.718000 75.796 36.579 5.086 211787.085
0.719000 75.791 36.570 5.086 211698.621
0.720000 75.785 36.562 5.086 211729.933
0.721000 75.779 36.553 5.086 211644.494
0.722000 75.773 36.545 5.086 211558.226
0.723000 75.768 36.536 5.086 211473.781
0.724000 75.762 36.528 5.086 211327.043
0.725000 75.756 36.520 5.086 211185.252
0.726000 75.750 36.511 5.086 211219.961
0.727000 75.744 36.503 5.086 211220.278
0.728000 75.738 36.494 5.086 211274.982
0.729000 75.732 36.486 5.086 211269.231
0.730000 75.727 36.478 5.086 211371.145
0.731000 75.721 36.469 5.086 211346.325
0.732000 75.715 36.461 5.086 211274.643
0.733000 75.709 36.453 5.086 211496.740
0.734000 75.703 36.445 5.086 211486.142
0.735000 75.697 36.436 5.086 211400.366
0.736000 75.691 36.428 5.086 211423.861
0.737000 75.685 36.420 5.086 211535.333
0.738000 75.679 36.412 5.086 211592.072
0.739000 75.673 36.404 5.086 211654.024
0.740000 75.667 36.396 5.086 211739.652
0.741000 75.661 36.388 5.086 211783.529
0.742000 75.655 36.379 5.086 211829.831
0.743000 75.649 36.371 5.086 211906.589
0.744000 75.642 36.363 5.086 212009.379
0.745000 75.636 36.355 5.086 212020.055
0.746000 75.630 36.347 5.086 212238.714
0.747000 75.624 36.339 5.086 212480.142
0.748000 75.618 36.331 5.086 212698.901
0.749000 75.612 36.323 5.086 212592.565
0.750000 75.606 36.315 5.086 212869.602
0.751000 75.600 36.307 5.086 213011.323
0.752000 75.593 36.299 5.086 213320.115
0.753000 75.587 36.292 5.086 213709.244
0.754000 75.581 36.284 5.086 213928.671
0.755000 75.575 36.276 5.086 214227.860
0.756000 75.569 36.268 5.086 214625.013
0.757000 75.563 36.260 5.086 214911.875
0.758000 75.556 36.252 5.086 215128.061
0.759000 75.550 36.244 5.086 215413.150
0.760000 75.544 36.236 5.086 215585.245
0.761000 75.538 36.229 5.086 215680.023
0.762000 75.532 36.221 5.086 215893.917
0.763000 75.526 36.213 5.086 215976.430
0.764000 75.519 36.205 5.086 216081.610
0.765000 75.513 36.197 5.086 215857.244
0.766000 75.507 36.190 5.086 215870.173
0.767000 75.501 36.182 5.086 215747.939
0.768000 75.495 36.174 5.086 215597.669
0.769000 75.489 36.166 5.086 215622.889
0.770000 75.483 36.159 5.086 215323.110
0.771000 75.477 36.151 5.086 214922.504
0.772000 75.471 36.143 5.086 214551.271
0.773000 75.465 36.135 5.086 214247.213
0.774000 75.459 36.128 5.086 213816.875
0.775000 75.453 36.120 5.086 213501.176
0.776000 75.446 36.112 5.086 213285.151
0.777000 75.440 36.104 5.086 212988.984
0.778000 75.434 36.097 5.086 212727.477
0.779000 75.428 36.089 5.086 212508.961
0.780000 75.422 36.081 5.086 212251.498
0.781000 75.416 36.074 5.086 211950.507
0.782000 75.410 36.066 5.086 211743.558
0.783000 75.404 36.058 5.086 211631.453
0.784000 75.398 36.051 5.086 211555.071
0.785000 75.392 36.043 5.086 211396.813
0.786000 75.386 36.036 5.086 211315.248
0.787000 75.380 36.028 5.086 211108.307
0.788000 75.374 36.020 5.086 210960.057
0.789000 75.368 36.013 5.086 211042.788
0.790000 75.362 36.005 5.086 211041.582
0.791000 75.356 35.998 5.086 210914.861
0.792000 75.349 35.990 5.086 210931.191
0.793000 75.343 35.983 5.086 211127.948
0.794000 75.337 35.975 5.086 211206.050
0.795000 75.331 35.968 5.086 211083.246
0.796000 75.325 35.960 5.086 211270.239
0.797000 75.319 35.953 5.086 211419.284
0.798000 75.313 35.946 5.086 211423.022
0.799000 75.307 35.938 5.086 211410.996
0.800000 75.301 35.931 5.086 211528.482
0.801000 75.295 35.923 5.086 211421.443
0.802000 75.288 35.916 5.086 211485.507
0.803000 75.282 35.909 5.086 211564.158
0.804000 75.276 35.901 5.086 211604.516
0.805000 75.270 35.894 5.086 211695.603
0.806000 75.264 35.887 5.086 211795.306
0.807000 75.258 35.879 5.086 211738.753
0.808000 75.252 35.872 5.086 211675.613
0.809000 75.246 35.865 5.086 211543.210
0.810000 75.240 35.857 5.086 211370.444
0.811000 75.234 35.850 5.086 211286.439
0.812000 75.228 35.843 5.086 211040.310
0.813000 75.221 35.836 5.086 211063.587
0.814000 75.215 35.828 5.086 211009.523
0.815000 75.209 35.821 5.086 211059.847
0.816000 75.203 35.814 5.086 210627.450
0.817000 75.197 35.807 5.086 210585.479
0.818000 75.191 35.799 5.086 210663.128
0.819000 75.185 35.792 5.086 210513.683
0.820000 75.179 35.785 5.086 210401.650
0.821000 75.173 35.778 5.086 210233.346
0.822000 75.167 35.771 5.086 210021.836
0.823000 75.161 35.764 5.086 209933.621
0.824000 75.155 35.756 5.086 209955.279
0.825000 75.149 35.749 5.086 209839.422
0.826000 75.143 35.742 5.086 209792.271
0.827000 75.137 35.735 5.086 209573.991
0.828000 75.131 35.728 5.086 209454.480
0.829000 75.124 35.721 5.086 209463.770
0.830000 75.118 35.714 5.086 209376.500
0.831000 75.112 35.707 5.086 209323.872
0.832000 75.106 35.700 5.086 209613.086
0.833000 75.100 35.693 5.086 209351.243
0.834000 75.094 35.686 5.086 209166.338
0.835000 75.088 35.679 5.086 209242.453
0.836000 75.082 35.672 5.086 209192.581
0.837000 75.076 35.665 5.086 208928.118
0.838000 75.070 35.658 5.086 208854.442
0.839000 75.064 35.651 5.086 208865.481
0.840000 75.058 35.644 5.086 208955.355
0.841000 75.052 35.637 5.086 209282.304
0.842000 75.046 35.630 5.086 209151.684
0.843000 75.040 35.623 5.086 208928.683
0.844000 75.034 35.616 5.086 208877.013
0.845000 75.028 35.609 5.086 208818.884
0.846000 75.022 35.602 5.086 208661.081
0.847000 75.016 35.595 5.086 208514.054
0.848000 75.010 35.589 5.086 208453.306
0.849000 75.004 35.582 5.086 208625.636
0.850000 74.998 35.575 5.086 208673.388
0.851000 74.992 35.568 5.086 208673.681
0.852000 74.986 35.561 5.086 208691.289
0.853000 74.980 35.554 5.086 208516.970
0.854000 74.974 35.548 5.086 208402.798
0.855000 74.968 35.541 5.086 208401.797
0.856000 74.962 35.534 5.086 208016.791
0.857000 74.956 35.527 5.086 207960.723
0.858000 74.950 35.520 5.086 207874.343
0.859000 74.944 35.514 5.086 207699.951
0.860000 74.938 35.507 5.086 207511.180
0.861000 74.932 35.500 5.086 207327.385
0.862000 74.926 35.494 5.086 207430.731
0.863000 74.920 35.487 5.086 207213.429
0.864000 74.914 35.480 5.086 207180.950
0.865000 74.909 35.473 5.086 207327.988
0.866000 74.903 35.467 5.086 207188.208
0.867000 74.897 35.460 5.086 207237.910
0.868000 74.891 35.453 5.086 207215.831
0.869000 74.885 35.447 5.086 207006.588
0.870000 74.879 35.440 5.086 206921.819
0.871000 74.873 35.434 5.086 206649.185
0.872000 74.867 35.427 5.086 206737.200
0.873000 74.861 35.420 5.086 206807.135
0.874000 74.855 35.414 5.086 206820.805
0.875000 74.850 35.407 5.086 206723.940
0.876000 74.844 35.401 5.086 206655.115
0.877000 74.838 35.394 5.086 206529.939
0.878000 74.832 35.388 5.086 206582.317
0.879000 74.826 35.381 5.086 206672.679
0.880000 74.820 35.375 5.086 206568.767
0.881000 74.814 35.368 5.086 206536.571
0.882000 74.808 35.362 5.086 206390.047
0.883000 74.803 35.355 5.086 206420.400
0.884000 74.797 35.349 5.086 206200.071
0.885000 74.791 35.342 5.086 205993.145
0.886000 74.785 35.336 5.086 206003.910
0.887000 74.779 35.329 5.086 206045.215
0.888000 74.774 35.323 5.086 205909.621
0.889000 74.768 35.316 5.086 205942.602
0.890000 74.762 35.310 5.086 205729.989
0.891000 74.756 35.303 5.086 205478.448
0.892000 74.750 35.297 5.086 205181.283
0.893000 74.745 35.291 5.086 205270.843
0.894000 74.739 35.284 5.086 205368.673
0.895000 74.733 35.278 5.086 205302.877
0.896000 74.727 35.272 5.086 205398.210
0.897000 74.721 35.265 5.086 205286.303
0.898000 74.716 35.259 5.086 205273.061
0.899000 74.710 35.253 5.086 205150.202
0.900000 74.704 35.246 5.086 205103.862
0.901000 74.698 35.240 5.086 205197.920
0.902000 74.693 35.234 5.086 205157.652
0.903000 74.687 35.227 5.086 205079.561
0.904000 74.681 35.221 5.086 204976.505
0.905000 74.676 35.215 5.086 204868.828
0.906000 74.670 35.209 5.086 204976.150
0.907000 74.664 35.202 5.086 204954.874
0.908000 74.658 35.196 5.086 204865.120
0.909000 74.653 35.190 5.086 204724.130
0.910000 74.647 35.184 5.086 204309.006
0.911000 74.641 35.177 5.086 204412.715
0.912000 74.636 35.171 5.086 204480.110
0.913000 74.630 35.165 5.086 204542.086
0.914000 74.624 35.159 5.086 204381.650
0.915000 74.619 35.153 5.086 204284.311
0.916000 74.613 35.147 5.086 204275.233
0.917000 74.607 35.140 5.086 204362.862
0.918000 74.602 35.134 5.086 204273.698
0.919000 74.596 35.128 5.086 204239.437
0.920000 74.590 35.122 5.086 203960.958
0.921000 74.585 35.116 5.086 204010.971
0.922000 74.579 35.110 5.086 203921.894
0.923000 74.573 35.104 5.086 203909.619
0.924000 74.568 35.098 5.086 203830.579
0.925000 74.562 35.092 5.086 203565.053
0.926000 74.557 35.085 5.086 203475.522
0.927000 74.551 35.079 5.086 203381.181
0.928000 74.545 35.073 5.086 203477.542
0.929000 74.540 35.067 5.086 203427.269
0.930000 74.534 35.061 5.086 203187.464
0.931000 74.529 35.055 5.086 203256.020
0.932000 74.523 35.049 5.086 203299.396
0.933000 74.517 35.043 5.086 203369.519
0.934000 74.512 35.037 5.086 203344.116
0.935000 74.506 35.031 5.086 203288.929
0.936000 74.501 35.025 5.086 203296.926
0.937000 74.495 35.020 5.086 203213.967
0.938000 74.490 35.014 5.086 202961.108
0.939000 74.484 35.008 5.086 202785.745
0.940000 74.479 35.002 5.086 202687.239
0.941000 74.473 34.996 5.086 202783.218
0.942000 74.468 34.990 5.086 202710.161
0.943000 74.462 34.984 5.086 202724.831
0.944000 74.456 34.978 5.086 202665.037
0.945000 74.451 34.972 5.086 202693.322
0.946000 74.445 34.967 5.086 202550.710
0.947000 74.440 34.961 5.086 202233.572
0.948000 74.434 34.955 5.086 202190.613
0.949000 74.429 34.949 5.086 202288.211
0.950000 74.423 34.943 5.086 202253.478
0.951000 74.418 34.937 5.086 202190.339
0.952000 74.413 34.932 5.086 202138.158
0.953000 74.407 34.926 5.086 202201.450
0.954000 74.402 34.920 5.086 202063.435
0.955000 74.396 34.914 5.086 201921.645
0.956000 74.391 34.909 5.086 201853.495
0.957000 74.385 34.903 5.086 201733.237
0.958000 74.380 34.897 5.086 201565.111
0.959000 74.374 34.891 5.086 201526.367
0.960000 74.369 34.886 5.086 201630.063
0.961000 74.363 34.880 5.086 201440.333
0.962000 74.358 34.874 5.086 201493.340
0.963000 74.353 34.869 5.086 201351.150
0.964000 74.347 34.863 5.086 201355.064
0.965000 74.342 34.857 5.086 201371.888
0.966000 74.336 34.852 5.086 201342.194
0.967000 74.331 34.846 5.086 201340.784
0.968000 74.326 34.840 5.086 201234.802
0.969000 74.320 34.835 5.086 201141.612
0.970000 74.315 34.829 5.086 200987.775
0.971000 74.309 34.824 5.086 200833.056
0.972000 74.304 34.818 5.086 200755.282
0.973000 74.299 34.813 5.086 200698.928
0.974000 74.293 34.807 5.086 200750.943
0.975000 74.288 34.801 5.086 200697.419
0.976000 74.283 34.796 5.086 200456.120
0.977000 74.277 34.790 5.086 200221.964
0.978000 74.272 34.785 5.086 200483.482
0.979000 74.267 34.779 5.086 200354.569
0.980000 74.261 34.774 5.086 200195.241
0.981000 74.256 34.768 5.086 199955.289
0.982000 74.251 34.763 5.086 200005.546
0.983000 74.245 34.757 5.086 200075.544
0.984000 74.240 34.752 5.086 200154.143
0.985000 74.235 34.746 5.086 200077.221
0.986000 74.230 34.741 5.086 199939.998
0.987000 74.224 34.736 5.086 199862.279
0.988000 74.219 34.730 5.086 199626.120
0.989000 74.214 34.725 5.086 199654.946
0.990000 74.208 34.719 5.086 199775.936
0.991000 74.203 34.714 5.086 199614.193
0.992000 74.198 34.709 5.086 199500.657
0.993000 74.193 34.703 5.086 199474.910
0.994000 74.187 34.698 5.086 199455.155
0.995000 74.182 34.692 5.086 199476.261
0.996000 74.177 34.687 5.086 199421.719
0.997000 74.172 34.682 5.086 199328.876
0.998000 74.167 34.676 5.086 199292.727
0.999000 74.161 34.671 5.086 199221.026
1.000000 74.156 34.666 5.086 199215.315
1.001000 74.151 34.661 5.086 199180.749
1.002000 74.146 34.655 5.086 198866.593
1.003000 74.141 34.650 5.086 198862.101
1.004000 74.136 34.645 5.086 198939.377
1.005000 74.130 34.639 5.086 198769.052
1.006000 74.125 34.634 5.086 198887.390
1.007000 74.120 34.629 5.086 198971.965
1.008000 74.115 34.624 5.086 198967.490
1.009000 74.110 34.619 5.086 199096.465
1.010000 74.105 34.613 5.086 198953.062
1.011000 74.100 34.608 5.086 198900.406
1.012000 74.094 34.603 5.086 198573.550
1.013000 74.089 34.598 5.086 198467.395
1.014000 74.084 34.593 5.086 198555.588
1.015000 74.079 34.587 5.086 198594.387
1.016000 74.074 34.582 5.086 198444.797
1.017000 74.069 34.577 5.086 198417.153
1.018000 74.064 34.572 5.086 198413.419
1.019000 74.059 34.567 5.086 198482.547
1.020000 74.054 34.562 5.086 198342.229
1.021000 74.049 34.557 5.086 198286.434
1.022000 74.044 34.552 5.086 198193.590
1.023000 74.039 34.547 5.086 198247.216
1.024000 74.034 34.542 5.086 198110.840
1.025000 74.029 34.536 5.086 197755.743
1.026000 74.024 34.531 5.086 197824.034
1.027000 74.019 34.526 5.086 197909.934
1.028000 74.014 34.521 5.086 197745.020
1.029000 74.009 34.516 5.086 197861.801
1.030000 74.004 34.511 5.086 197736.440
1.031000 73.999 34.506 5.086 197697.432
1.032000 73.994 34.501 5.086 197734.531
1.033000 73.989 34.496 5.086 197813.058
1.034000 73.984 34.491 5.086 197814.274
1.035000 73.979 34.487 5.086 197847.853
1.036000 73.974 34.482 5.086 197795.079
1.037000 73.969 34.477 5.086 197614.809
1.038000 73.964 34.472 5.086 197532.908
1.039000 73.959 34.467 5.086 197571.151
1.040000 73.954 34.462 5.086 197697.170
1.041000 73.949 34.457 5.086 197641.364
1.042000 73.944 34.452 5.086 197528.449
1.043000 73.939 34.447 5.086 197583.530
1.044000 73.935 34.442 5.086 197650.526
1.045000 73.930 34.437 5.086 197617.721
1.046000 73.925 34.433 5.086 197527.002
1.047000 73.920 34.428 5.086 197631.099
1.048000 73.915 34.423 5.086 197623.506
1.049000 73.910 34.418 5.086 197478.193
1.050000 73.905 34.413 5.086 197515.048
1.051000 73.900 34.408 5.086 197430.179
1.052000 73.896 34.404 5.086 197405.214
1.053000 73.891 34.399 5.086 197478.332
1.054000 73.886 34.394 5.086 197479.199
1.055000 73.881 34.389 5.086 197188.675
1.056000 73.876 34.385 5.086 197249.726
1.057000 73.871 34.380 5.086 197400.357
1.058000 73.867 34.375 5.086 197316.497
1.059000 73.862 34.370 5.086 197333.620
1.060000 73.857 34.366 5.086 197278.046
1.061000 73.852 34.361 5.086 197107.505
1.062000 73.848 34.356 5.086 197103.872
1.063000 73.843 34.351 5.086 197168.293
1.064000 73.838 34.347 5.086 197162.785
1.065000 73.833 34.342 5.086 197100.437
1.066000 73.828 34.337 5.086 197224.747
1.067000 73.824 34.333 5.086 197148.072
1.068000 73.819 34.328 5.086 197107.836
1.069000 73.814 34.323 5.086 197019.377
1.070000 73.809 34.319 5.086 196855.895
1.071000 73.805 34.314 5.086 197019.611
1.072000 73.800 34.309 5.086 197068.756
1.073000 73.795 34.305 5.086 197110.775
1.074000 73.791 34.300 5.086 197040.297
1.075000 73.786 34.295 5.086 197097.816
1.076000 73.781 34.291 5.086 196954.432
1.077000 73.776 34.286 5.086 196710.825
1.078000 73.772 34.282 5.086 196681.514
1.079000 73.767 34.277 5.086 196684.091
1.080000 73.762 34.272 5.086 196652.534
1.081000 73.758 34.268 5.086 196647.254
1.082000 73.753 34.263 5.086 196656.473
1.083000 73.748 34.259 5.086 196650.647
1.084000 73.744 34.254 5.086 196654.678
1.085000 73.739 34.250 5.086 196643.857
1.086000 73.734 34.245 5.086 196641.090
1.087000 73.730 34.241 5.086 196662.055
1.088000 73.725 34.236 5.086 196440.481
1.089000 73.720 34.232 5.086 196339.112
1.090000 73.716 34.227 5.086 196310.204
1.091000 73.711 34.223 5.086 196329.681
1.092000 73.707 34.218 5.086 196056.001
1.093000 73.702 34.214 5.086 196107.826
1.094000 73.697 34.209 5.086 196048.423
1.095000 73.693 34.205 5.086 195742.545
1.096000 73.688 34.200 5.086 195789.887
1.097000 73.684 34.196 5.086 195703.385
1.098000 73.679 34.191 5.086 195765.823
1.099000 73.675 34.187 5.086 195764.302
1.100000 73.670 34.182 5.086 195661.165
1.101000 73.665 34.178 5.086 195686.352
1.102000 73.661 34.174 5.086 195711.420
1.103000 73.656 34.169 5.086 195631.746
1.104000 73.652 34.165 5.086 195509.692
1.105000 73.647 34.160 5.086 195651.211
1.106000 73.643 34.156 5.086 195304.989
1.107000 73.638 34.152 5.086 195260.093
1.108000 73.634 34.147 5.086 195252.211
1.109000 73.629 34.143 5.086 195519.515
1.110000 73.625 34.138 5.086 195500.338
1.111000 73.620 34.134 5.086 195503.219
1.112000 73.616 34.130 5.086 195285.913
1.113000 73.611 34.125 5.086 195180.563
1.114000 73.607 34.121 5.086 195181.491
1.115000 73.602 34.117 5.086 195300.174
1.116000 73.598 34.112 5.086 195319.815
1.117000 73.593 34.108 5.086 194874.636
1.118000 73.589 34.104 5.086 195095.936
1.119000 73.585 34.100 5.086 195350.346
1.120000 73.580 34.095 5.086 195124.177
1.121000 73.576 34.091 5.086 195054.958
1.122000 73.571 34.087 5.086 194911.034
1.123000 73.567 34.082 5.086 194855.498
1.124000 73.562 34.078 5.086 195037.892
1.125000 73.558 34.074 5.086 195035.732
1.126000 73.554 34.070 5.086 195144.218
1.127000 73.549 34.065 5.086 195181.880
1.128000 73.545 34.061 5.086 195257.398
1.129000 73.540 34.057 5.086 195353.292
1.130000 73.536 34.053 5.086 195149.095
1.131000 73.532 34.049 5.086 195231.156
1.132000 73.527 34.044 5.086 195108.985
1.133000 73.523 34.040 5.086 195257.986
1.134000 73.519 34.036 5.086 195116.848
1.135000 73.514 34.032 5.086 195209.285
1.136000 73.510 34.028 5.086 195094.180
1.137000 73.506 34.023 5.086 195191.976
1.138000 73.501 34.019 5.086 195158.036
1.139000 73.497 34.015 5.086 195141.259
1.140000 73.493 34.011 5.086 195083.860
1.141000 73.488 34.007 5.086 195062.180
1.142000 73.484 34.003 5.086 195179.327
1.143000 73.480 33.999 5.086 195121.996
1.144000 73.475 33.994 5.086 194801.277
1.145000 73.471 33.990 5.086 194791.908
1.146000 73.467 33.986 5.086 194982.554
1.147000 73.462 33.982 5.086 194970.481
1.148000 73.458 33.978 5.086 194767.787
1.149000 73.454 33.974 5.086 194555.189
1.150000 73.450 33.970 5.086 194633.253
1.151000 73.445 33.966 5.086 194715.085
1.152000 73.441 33.962 5.086 194771.398
1.153000 73.437 33.958 5.086 194755.424
1.154000 73.433 33.953 5.086 194641.668
1.155000 73.428 33.949 5.086 194675.667
1.156000 73.424 33.945 5.086 194606.590
1.157000 73.420 33.941 5.086 194518.839
1.158000 73.416 33.937 5.086 194475.540
1.159000 73.411 33.933 5.086 194435.432
1.160000 73.407 33.929 5.086 194305.993
1.161000 73.403 33.925 5.086 194408.522
1.162000 73.399 33.921 5.086 194252.975
1.163000 73.395 33.917 5.086 194270.077
1.164000 73.390 33.913 5.086 194201.178
1.165000 73.386 33.909 5.086 194277.170
1.166000 73.382 33.905 5.086 194373.218
1.167000 73.378 33.901 5.086 194347.555
1.168000 73.374 33.897 5.086 194252.071
1.169000 73.369 33.893 5.086 194149.066
1.170000 73.365 33.889 5.086 194160.119
1.171000 73.361 33.885 5.086 194179.568
1.172000 73.357 33.881 5.086 194171.305
1.173000 73.353 33.877 5.086 194023.173
1.174000 73.349 33.873 5.086 194062.065
1.175000 73.344 33.869 5.086 193997.834
1.176000 73.340 33.865 5.086 193977.707
1.177000 73.336 33.862 5.086 193988.611
1.178000 73.332 33.858 5.086 193615.852
1.179000 73.328 33.854 5.086 193726.583
1.180000 73.324 33.850 5.086 193828.650
1.181000 73.320 33.846 5.086 193925.880
1.182000 73.316 33.842 5.086 193804.898
1.183000 73.312 33.838 5.086 193864.389
1.184000 73.307 33.834 5.086 193618.019
1.185000 73.303 33.830 5.086 193527.439
1.186000 73.299 33.826 5.086 193653.333
1.187000 73.295 33.823 5.086 193575.863
1.188000 73.291 33.819 5.086 193522.181
1.189000 73.287 33.815 5.086 193616.032
1.190000 73.283 33.811 5.086 193486.981
1.191000 73.279 33.807 5.086 193493.362
1.192000 73.275 33.803 5.086 193535.416
1.193000 73.271 33.799 5.086 193463.568
1.194000 73.267 33.796 5.086 193452.556
1.195000 73.263 33.792 5.086 193306.141
1.196000 73.259 33.788 5.086 193160.245
1.197000 73.255 33.784 5.086 193278.335
1.198000 73.251 33.780 5.086 193215.270
1.199000 73.247 33.776 5.086 193374.294
1.200000 73.243 33.773 5.086 193307.772
1.201000 73.239 33.769 5.086 193374.016
1.202000 73.235 33.765 5.086 193255.291
1.203000 73.231 33.761 5.086 193355.630
1.204000 73.227 33.757 5.086 193477.940
1.205000 73.223 33.754 5.086 193457.022
1.206000 73.219 33.750 5.086 193547.851
1.207000 73.215 33.746 5.086 193617.743
1.208000 73.211 33.742 5.086 193606.447
1.209000 73.207 33.739 5.086 193435.596
1.210000 73.203 33.735 5.086 193463.177
1.211000 73.199 33.731 5.086 193316.202
1.212000 73.195 33.727 5.086 193324.128
1.213000 73.191 33.724 5.086 193250.110
1.214000 73.187 33.720 5.086 193111.899
1.215000 73.183 33.716 5.086 193140.775
1.216000 73.179 33.712 5.086 193197.917
1.217000 73.175 33.709 5.086 193194.425
1.218000 73.171 33.705 5.086 193113.714
1.219000 73.167 33.701 5.086 192958.163
1.220000 73.164 33.698 5.086 192960.115
1.221000 73.160 33.694 5.086 192944.669
1.222000 73.156 33.690 5.086 193062.612
1.223000 73.152 33.686 5.086 193050.128
1.224000 73.148 33.683 5.086 192829.729
1.225000 73.144 33.679 5.086 192748.743
1.226000 73.140 33.675 5.086 192638.371
1.227000 73.136 33.672 5.086 192593.996
1.228000 73.132 33.668 5.086 192481.020
1.229000 73.129 33.664 5.086 192571.928
1.230000 73.125 33.661 5.086 192621.132
1.231000 73.121 33.657 5.086 192661.104
1.232000 73.117 33.654 5.086 192708.845
1.233000 73.113 33.650 5.086 192537.362
1.234000 73.109 33.646 5.086 192538.848
1.235000 73.105 33.643 5.086 192517.045
1.236000 73.102 33.639 5.086 192516.809
1.237000 73.098 33.635 5.086 192503.290
1.238000 73.094 33.632 5.086 192523.836
1.239000 73.090 33.628 5.086 192391.245
1.240000 73.086 33.625 5.086 192397.212
1.241000 73.082 33.621 5.086 192234.207
1.242000 73.079 33.617 5.086 192289.397
1.243000 73.075 33.614 5.086 192433.581
1.244000 73.071 33.610 5.086 192460.825
1.245000 73.067 33.607 5.086 192149.285
1.246000 73.064 33.603 5.086 192175.601
1.247000 73.060 33.599 5.086 192179.809
1.248000 73.056 33.596 5.086 192200.890
1.249000 73.052 33.592 5.086 192196.631
1.250000 73.048 33.589 5.086 192179.957
1.251000 73.045 33.585 5.086 192135.130
1.252000 73.041 33.582 5.086 192148.515
1.253000 73.037 33.578 5.086 192132.937
1.254000 73.033 33.574 5.086 192128.796
1.255000 73.030 33.571 5.086 192115.549
1.256000 73.026 33.567 5.086 192023.890
1.257000 73.022 33.564 5.086 192087.409
1.258000 73.018 33.560 5.086 191925.705
1.259000 73.015 33.557 5.086 191956.597
1.260000 73.011 33.553 5.086 191965.578
1.261000 73.007 33.550 5.086 192018.637
1.262000 73.004 33.546 5.086 192188.679
1.263000 73.000 33.543 5.086 192107.138
1.264000 72.996 33.539 5.086 191810.429
1.265000 72.992 33.536 5.086 191743.799
1.266000 72.989 33.532 5.086 191794.113
1.267000 72.985 33.529 5.086 191758.212
1.268000 72.981 33.525 5.086 191767.892
1.269000 72.978 33.522 5.086 191795.017
1.270000 72.974 33.518 5.086 191693.460
1.271000 72.970 33.515 5.086 191662.605
1.272000 72.967 33.511 5.086 191489.590
1.273000 72.963 33.508 5.086 191599.862
1.274000 72.959 33.505 5.086 191563.949
1.275000 72.956 33.501 5.086 191506.049
1.276000 72.952 33.498 5.086 191489.066
1.277000 72.948 33.494 5.086 191608.508
1.278000 72.945 33.491 5.086 191382.853
1.279000 72.941 33.487 5.086 191407.440
1.280000 72.937 33.484 5.086 191420.798
1.281000 72.934 33.480 5.086 191384.266
1.282000 72.930 33.477 5.086 191284.030
1.283000 72.927 33.474 5.086 191502.322
1.284000 72.923 33.470 5.086 191496.114
1.285000 72.919 33.467 5.086 191460.717
1.286000 72.916 33.463 5.086 191503.888
1.287000 72.912 33.460 5.086 191480.326
1.288000 72.908 33.457 5.086 191537.310
1.289000 72.905 33.453 5.086 191464.725
1.290000 72.901 33.450 5.086 191475.041
1.291000 72.898 33.446 5.086 191422.870
1.292000 72.894 33.443 5.086 191361.231
1.293000 72.891 33.440 5.086 191444.024
1.294000 72.887 33.436 5.086 191266.845
1.295000 72.883 33.433 5.086 191239.326
1.296000 72.880 33.429 5.086 191255.733
1.297000 72.876 33.426 5.086 191254.903
1.298000 72.873 33.423 5.086 191073.418
1.299000 72.869 33.419 5.086 191143.831
1.300000 72.866 33.416 5.086 191029.048
1.301000 72.862 33.413 5.086 191102.208
1.302000 72.858 33.409 5.086 191068.072
1.303000 72.855 33.406 5.086 191129.495
1.304000 72.851 33.403 5.086 191117.369
1.305000 72.848 33.399 5.086 191138.727
1.306000 72.844 33.396 5.086 190986.365
1.307000 72.841 33.393 5.086 191079.190
1.308000 72.837 33.389 5.086 191123.136
1.309000 72.834 33.386 5.086 191176.003
1.310000 72.830 33.383 5.086 191138.270
1.311000 72.827 33.379 5.086 191079.709
1.312000 72.823 33.376 5.086 190890.220
1.313000 72.820 33.373 5.086 190848.031
1.314000 72.816 33.370 5.086 190826.726
1.315000 72.813 33.366 5.086 190931.077
1.316000 72.809 33.363 5.086 190858.693
1.317000 72.806 33.360 5.086 190889.704
1.318000 72.802 33.356 5.086 190882.746
1.319000 72.799 33.353 5.086 191013.635
1.320000 72.795 33.350 5.086 191020.270
1.321000 72.792 33.347 5.086 191067.683
1.322000 72.789 33.343 5.086 191101.266
1.323000 72.785 33.340 5.086 191019.703
1.324000 72.782 33.337 5.086 191083.284
1.325000 72.778 33.333 5.086 191000.377
1.326000 72.775 33.330 5.086 190985.116
1.327000 72.771 33.327 5.086 190986.290
1.328000 72.768 33.324 5.086 191008.645
1.329000 72.764 33.320 5.086 190905.633
1.330000 72.761 33.317 5.086 190914.284
1.331000 72.758 33.314 5.086 190910.648
1.332000 72.754 33.311 5.086 190890.324
1.333000 72.751 33.308 5.086 190892.912
1.334000 72.747 33.304 5.086 190907.628
1.335000 72.744 33.301 5.086 190899.306
1.336000 72.740 33.298 5.086 190891.605
1.337000 72.737 33.295 5.086 190950.163
1.338000 72.734 33.291 5.086 190984.013
1.339000 72.730 33.288 5.086 190989.461
1.340000 72.727 33.285 5.086 190824.622
1.341000 72.724 33.282 5.086 190643.649
1.342000 72.720 33.279 5.086 190594.093
1.343000 72.717 33.275 5.086 190665.096
1.344000 72.713 33.272 5.086 190640.462
1.345000 72.710 33.269 5.086 190742.071
1.346000 72.707 33.266 5.086 190929.818
1.347000 72.703 33.263 5.086 190871.710
1.348000 72.700 33.259 5.086 190793.201
1.349000 72.697 33.256 5.086 190799.616
1.350000 72.693 33.253 5.086 190802.676
1.351000 72.690 33.250 5.086 190871.711
1.352000 72.687 33.247 5.086 190837.732
1.353000 72.683 33.244 5.086 190951.656
1.354000 72.680 33.241 5.086 190802.591
1.355000 72.677 33.237 5.086 190740.235
1.356000 72.673 33.234 5.086 190633.185
1.357000 72.670 33.231 5.086 190499.425
1.358000 72.667 33.228 5.086 190607.753
1.359000 72.663 33.225 5.086 190525.085
1.360000 72.660 33.222 5.086 190556.468
1.361000 72.657 33.218 5.086 190604.678
1.362000 72.653 33.215 5.086 190679.418
1.363000 72.650 33.212 5.086 190592.168
1.364000 72.647 33.209 5.086 190629.263
1.365000 72.643 33.206 5.086 190741.964
1.366000 72.640 33.203 5.086 190605.687
1.367000 72.637 33.200 5.086 190537.002
1.368000 72.634 33.197 5.086 190558.662
1.369000 72.630 33.194 5.086 190578.370
1.370000 72.627 33.190 5.086 190384.149
1.371000 72.624 33.187 5.086 190377.379
1.372000 72.621 33.184 5.086 190406.959
1.373000 72.617 33.181 5.086 190637.698
1.374000 72.614 33.178 5.086 191007.438
1.375000 72.611 33.175 5.086 190817.528
1.376000 72.607 33.172 5.086 190762.872
1.377000 72.604 33.169 5.086 190706.929
1.378000 72.601 33.166 5.086 190588.583
1.379000 72.598 33.163 5.086 190597.266
1.380000 72.595 33.160 5.086 190740.488
1.381000 72.591 33.156 5.086 190821.921
1.382000 72.588 33.153 5.086 190685.455
1.383000 72.585 33.150 5.086 190607.277
1.384000 72.582 33.147 5.086 190640.382
1.385000 72.578 33.144 5.086 190648.005
1.386000 72.575 33.141 5.086 190628.991
1.387000 72.572 33.138 5.086 190476.319
1.388000 72.569 33.135 5.086 190381.359
1.389000 72.566 33.132 5.086 190445.691
1.390000 72.562 33.129 5.086 190326.617
1.391000 72.559 33.126 5.086 190423.383
1.392000 72.556 33.123 5.086 190496.982
1.393000 72.553 33.120 5.086 190410.040
1.394000 72.550 33.117 5.086 190269.805
1.395000 72.546 33.114 5.086 190303.138
1.396000 72.543 33.111 5.086 190114.195
1.397000 72.540 33.108 5.086 190245.662
1.398000 72.537 33.105 5.086 190266.695
1.399000 72.534 33.102 5.086 190286.886
1.400000 72.531 33.099 5.086 190295.377
1.401000 72.527 33.096 5.086 190321.047
1.402000 72.524 33.093 5.086 190316.995
1.403000 72.521 33.090 5.086 190300.843
1.404000 72.518 33.087 5.086 190335.916
1.405000 72.515 33.084 5.086 190298.572
1.406000 72.512 33.081 5.086 190194.185
1.407000 72.509 33.078 5.086 190281.245
1.408000 72.505 33.075 5.086 190359.904
1.409000 72.502 33.072 5.086 190406.318
1.410000 72.499 33.069 5.086 190373.989
1.411000 72.496 33.066 5.086 190421.956
1.412000 72.493 33.063 5.086 190380.909
1.413000 72.490 33.060 5.086 190347.316
1.414000 72.487 33.057 5.086 190388.273
1.415000 72.484 33.054 5.086 190417.262
1.416000 72.480 33.051 5.086 190355.428
1.417000 72.477 33.048 5.086 190202.467
1.418000 72.474 33.045 5.086 190211.401
1.419000 72.471 33.042 5.086 190295.899
1.420000 72.468 33.039 5.086 190218.005
1.421000 72.465 33.036 5.086 190219.744
1.422000 72.462 33.033 5.086 190212.309
1.423000 72.459 33.030 5.086 190200.851
1.424000 72.456 33.027 5.086 190234.276
1.425000 72.453 33.024 5.086 190261.512
1.426000 72.449 33.021 5.086 190192.694
1.427000 72.446 33.018 5.086 190173.369
1.428000 72.443 33.015 5.086 190114.661
1.429000 72.440 33.013 5.086 190078.357
1.430000 72.437 33.010 5.086 190064.044
1.431000 72.434 33.007 5.086 190159.239
1.432000 72.431 33.004 5.086 190160.609
1.433000 72.428 33.001 5.086 190027.677
1.434000 72.425 32.998 5.086 189929.588
1.435000 72.422 32.995 5.086 189939.712
1.436000 72.419 32.992 5.086 189937.701
1.437000 72.416 32.989 5.086 189987.681
1.438000 72.413 32.986 5.086 189909.710
1.439000 72.410 32.983 5.086 189895.408
1.440000 72.407 32.980 5.086 189856.485
1.441000 72.404 32.978 5.086 189845.479
1.442000 72.401 32.975 5.086 189957.088
1.443000 72.398 32.972 5.086 189922.595
1.444000 72.395 32.969 5.086 189787.602
1.445000 72.392 32.966 5.086 189689.327
1.446000 72.389 32.963 5.086 189680.900
1.447000 72.386 32.960 5.086 189719.019
1.448000 72.383 32.957 5.086 189625.332
1.449000 72.380 32.954 5.086 189660.623
1.450000 72.377 32.952 5.086 189630.214
1.451000 72.374 32.949 5.086 189647.939
1.452000 72.371 32.946 5.086 189780.169
1.453000 72.368 32.943 5.086 189821.736
1.454000 72.365 32.940 5.086 189637.965
1.455000 72.362 32.937 5.086 189692.212
1.456000 72.359 32.934 5.086 189705.978
1.457000 72.356 32.931 5.086 189795.372
1.458000 72.353 32.929 5.086 189809.584
1.459000 72.350 32.926 5.086 189799.549
1.460000 72.347 32.923 5.086 189734.709
1.461000 72.344 32.920 5.086 189738.873
1.462000 72.341 32.917 5.086 189676.501
1.463000 72.338 32.914 5.086 189673.818
1.464000 72.335 32.912 5.086 189828.956
1.465000 72.332 32.909 5.086 189798.245
1.466000 72.329 32.906 5.086 189834.076
1.467000 72.326 32.903 5.086 189893.723
1.468000 72.323 32.900 5.086 189884.756
1.469000 72.320 32.897 5.086 189902.190
1.470000 72.317 32.895 5.086 189772.726
1.471000 72.314 32.892 5.086 189850.399
1.472000 72.312 32.889 5.086 189834.618
1.473000 72.309 32.886 5.086 189607.211
1.474000 72.306 32.883 5.086 189600.910
1.475000 72.303 32.880 5.086 189645.668
1.476000 72.300 32.878 5.086 189538.056
1.477000 72.248 32.954 4.805 189580.485
1.478000 72.245 32.952 4.805 189628.352
1.479000 72.242 32.949 4.805 189576.855
1.480000 72.239 32.946 4.805 189594.276
1.481000 72.236 32.943 4.805 189677.458
1.482000 72.233 32.940 4.805 189676.748
1.483000 72.230 32.938 4.805 189721.934
1.484000 72.227 32.935 4.805 189761.808
1.485000 72.225 32.932 4.805 189744.113
1.486000 72.222 32.929 4.805 189874.701
1.487000 72.219 32.927 4.805 189951.582
1.488000 72.216 32.924 4.805 189897.781
1.489000 72.213 32.921 4.805 189953.575
1.490000 72.210 32.918 4.805 190033.217
1.491000 72.207 32.915 4.805 190013.715
1.492000 72.205 32.913 4.805 189972.133
1.493000 72.202 32.910 4.805 189978.893
1.494000 72.199 32.907 4.805 190173.263
1.495000 72.196 32.904 4.805 190119.658
1.496000 72.193 32.902 4.805 190023.944
1.497000 72.190 32.899 4.805 190018.429
1.498000 72.188 32.896 4.805 189980.531
1.499000 72.185 32.893 4.805 189986.777
1.500000 72.182 32.891 4.805 189957.793
1.501000 72.179 32.888 4.805 189901.408
1.502000 72.176 32.885 4.805 189625.642
1.503000 72.174 32.883 4.805 189518.056
1.504000 72.171 32.880 4.805 189632.176
1.505000 72.168 32.877 4.805 189483.213
1.506000 72.165 32.874 4.805 189545.926
1.507000 72.162 32.872 4.805 189463.653
1.508000 72.160 32.869 4.805 189460.840
1.509000 72.157 32.866 4.805 189552.903
1.510000 72.154 32.863 4.805 189661.367
1.511000 72.151 32.861 4.805 189683.460
1.512000 72.148 32.858 4.805 189826.964
1.513000 72.146 32.855 4.805 189811.885
1.514000 72.143 32.853 4.805 189829.284
1.515000 72.140 32.850 4.805 189989.160
1.516000 72.137 32.847 4.805 190014.003
1.517000 72.135 32.844 4.805 189924.679
1.518000 72.132 32.842 4.805 189933.241
1.519000 72.129 32.839 4.805 190014.885
1.520000 72.126 32.836 4.805 189967.009
1.521000 72.123 32.834 4.805 189955.366
1.522000 72.121 32.831 4.805 189929.082
1.523000 72.118 32.828 4.805 189979.181
1.524000 72.115 32.826 4.805 190232.579
1.525000 72.112 32.823 4.805 190337.477
1.526000 72.110 32.820 4.805 190393.849
1.527000 72.107 32.817 4.805 190393.882
1.528000 72.104 32.815 4.805 190453.736
1.529000 72.101 32.812 4.805 190301.101
1.530000 72.099 32.809 4.805 190209.303
1.531000 72.096 32.807 4.805 190124.824
1.532000 72.093 32.804 4.805 190108.278
1.533000 72.091 32.801 4.805 190106.873
1.534000 72.088 32.799 4.805 190036.840
1.535000 72.085 32.796 4.805 189945.445
1.536000 72.082 32.793 4.805 189950.871
1.537000 72.080 32.791 4.805 189922.006
1.538000 72.077 32.788 4.805 189863.368
1.539000 72.074 32.785 4.805 189825.745
1.540000 72.072 32.783 4.805 189840.193
1.541000 72.069 32.780 4.805 189886.729
1.542000 72.066 32.777 4.805 189918.652
1.543000 72.063 32.775 4.805 190008.820
1.544000 72.061 32.772 4.805 190013.742
1.545000 72.058 32.770 4.805 190079.398
1.546000 72.055 32.767 4.805 190130.199
1.547000 72.053 32.764 4.805 190219.564
1.548000 72.050 32.762 4.805 190243.745
1.549000 72.047 32.759 4.805 190222.872
1.550000 72.045 32.756 4.805 190191.850
1.551000 72.042 32.754 4.805 190262.908
1.552000 72.039 32.751 4.805 190205.851
1.553000 72.037 32.748 4.805 190308.469
1.554000 72.034 32.746 4.805 190308.799
1.555000 72.031 32.743 4.805 190244.971
1.556000 72.029 32.741 4.805 190183.052
1.557000 72.026 32.738 4.805 190116.063
1.558000 72.023 32.735 4.805 190180.256
1.559000 72.021 32.733 4.805 190268.845
1.560000 72.018 32.730 4.805 190240.747
1.561000 72.015 32.727 4.805 190259.125
1.562000 72.013 32.725 4.805 190300.551
1.563000 72.010 32.722 4.805 190241.446
1.564000 72.008 32.720 4.805 190127.005
1.565000 72.005 32.717 4.805 190176.439
1.566000 72.002 32.714 4.805 190469.826
1.567000 72.000 32.712 4.805 190511.630
1.568000 71.997 32.709 4.805 190463.641
1.569000 71.994 32.707 4.805 190382.501
1.570000 71.992 32.704 4.805 190358.163
1.571000 71.989 32.701 4.805 190357.176
1.572000 71.986 32.699 4.805 190298.779
1.573000 71.984 32.696 4.805 190341.221
1.574000 71.981 32.694 4.805 190431.343
1.575000 71.979 32.691 4.805 190459.823
1.576000 71.976 32.688 4.805 190509.746
1.577000 71.973 32.686 4.805 190533.263
1.578000 71.971 32.683 4.805 190440.723
1.579000 71.968 32.681 4.805 190258.569
1.580000 71.966 32.678 4.805 190425.471
1.581000 71.963 32.675 4.805 190443.236
1.582000 71.960 32.673 4.805 190690.092
1.583000 71.958 32.670 4.805 190576.450
1.584000 71.955 32.668 4.805 190563.309
1.585000 71.953 32.665 4.805 190499.350
1.586000 71.950 32.663 4.805 190414.274
1.587000 71.947 32.660 4.805 190452.953
1.588000 71.945 32.657 4.805 190441.088
1.589000 71.942 32.655 4.805 190510.629
1.590000 71.940 32.652 4.805 190596.474
1.591000 71.937 32.650 4.805 190647.718
1.592000 71.935 32.647 4.805 190663.557
1.593000 71.932 32.645 4.805 190688.214
1.594000 71.930 32.642 4.805 190705.332
1.595000 71.927 32.639 4.805 190536.867
1.596000 71.924 32.637 4.805 190587.528
1.597000 71.922 32.634 4.805 190644.781
1.598000 71.919 32.632 4.805 190526.565
1.599000 71.917 32.629 4.805 190477.412
1.600000 71.914 32.627 4.805 190508.095
1.601000 71.912 32.624 4.805 190668.914
1.602000 71.909 32.622 4.805 190734.842
1.603000 71.907 32.619 4.805 190770.800
1.604000 71.904 32.617 4.805 190725.691
1.605000 71.901 32.614 4.805 190604.259
1.606000 71.899 32.611 4.805 190627.274
1.607000 71.896 32.609 4.805 190598.318
1.608000 71.894 32.606 4.805 190693.248
1.609000 71.891 32.604 4.805 190633.480
1.610000 71.889 32.601 4.805 190624.562
1.611000 71.886 32.599 4.805 190639.668
1.612000 71.884 32.596 4.805 190647.407
1.613000 71.881 32.594 4.805 190681.611
1.614000 71.879 32.591 4.805 190566.685
1.615000 71.876 32.589 4.805 190634.811
1.616000 71.874 32.586 4.805 190806.746
1.617000 71.871 32.584 4.805 190830.015
1.618000 71.869 32.581 4.805 190909.016
1.619000 71.866 32.579 4.805 190815.591
1.620000 71.864 32.576 4.805 190785.040
1.621000 71.861 32.574 4.805 190801.412
1.622000 71.859 32.571 4.805 190984.410
1.623000 71.856 32.569 4.805 190880.612
1.624000 71.854 32.566 4.805 190734.519
1.625000 71.851 32.564 4.805 190749.782
1.626000 71.849 32.561 4.805 190709.227
1.627000 71.846 32.559 4.805 190673.379
1.628000 71.844 32.556 4.805 190633.819
1.629000 71.841 32.554 4.805 190617.585
1.630000 71.839 32.551 4.805 190702.296
1.631000 71.836 32.549 4.805 190835.565
1.632000 71.834 32.546 4.805 190868.293
1.633000 71.831 32.544 4.805 190780.682
1.634000 71.829 32.541 4.805 190766.375
1.635000 71.827 32.539 4.805 190787.366
1.636000 71.824 32.536 4.805 190700.614
1.637000 71.822 32.534 4.805 190734.611
1.638000 71.819 32.531 4.805 190805.053
1.639000 71.817 32.529 4.805 190886.429
1.640000 71.814 32.526 4.805 190800.991
1.641000 71.812 32.524 4.805 190819.955
1.642000 71.809 32.521 4.805 190964.942
1.643000 71.807 32.519 4.805 190928.957
1.644000 71.804 32.516 4.805 190856.450
1.645000 71.802 32.514 4.805 190908.330
1.646000 71.800 32.511 4.805 190904.230
1.647000 71.797 32.509 4.805 190931.415
1.648000 71.795 32.506 4.805 190959.275
1.649000 71.792 32.504 4.805 191070.584
1.650000 71.790 32.501 4.805 191037.995
1.651000 71.787 32.499 4.805 191011.006
1.652000 71.785 32.496 4.805 191061.916
1.653000 71.783 32.494 4.805 191064.185
1.654000 71.780 32.492 4.805 191119.485
1.655000 71.778 32.489 4.805 191120.507
1.656000 71.775 32.487 4.805 191085.508
1.657000 71.773 32.484 4.805 191100.008
1.658000 71.771 32.482 4.805 191005.283
1.659000 71.768 32.479 4.805 191030.903
1.660000 71.766 32.477 4.805 190903.934
1.661000 71.763 32.474 4.805 190688.638
1.662000 71.761 32.472 4.805 190758.504
1.663000 71.758 32.469 4.805 190907.594
1.664000 71.756 32.467 4.805 190976.205
1.665000 71.754 32.465 4.805 190965.317
1.666000 71.751 32.462 4.805 190861.263
1.667000 71.749 32.460 4.805 191021.819
1.668000 71.747 32.457 4.805 191131.177
1.669000 71.744 32.455 4.805 191141.425
1.670000 71.742 32.452 4.805 191056.110
1.671000 71.739 32.450 4.805 191091.278
1.672000 71.737 32.448 4.805 191110.785
1.673000 71.735 32.445 4.805 191041.386
1.674000 71.732 32.443 4.805 191070.757
1.675000 71.730 32.440 4.805 191138.271
1.676000 71.727 32.438 4.805 191132.889
1.677000 71.725 32.435 4.805 191116.871
1.678000 71.723 32.433 4.805 191305.947
1.679000 71.720 32.431 4.805 191323.734
1.680000 71.718 32.428 4.805 191384.123
1.681000 71.716 32.426 4.805 191417.314
1.682000 71.713 32.423 4.805 191411.665
1.683000 71.711 32.421 4.805 191392.058
1.684000 71.709 32.418 4.805 191481.963
1.685000 71.706 32.416 4.805 191414.264
1.686000 71.704 32.414 4.805 191345.517
1.687000 71.702 32.411 4.805 191313.135
1.688000 71.699 32.409 4.805 191405.096
1.689000 71.697 32.406 4.805 191464.536
1.690000 71.694 32.404 4.805 191448.364
1.691000 71.692 32.402 4.805 191462.890
1.692000 71.690 32.399 4.805 191415.362
1.693000 71.687 32.397 4.805 191387.430
1.694000 71.685 32.394 4.805 191371.783
1.695000 71.683 32.392 4.805 191351.091
1.696000 71.680 32.390 4.805 191332.767
1.697000 71.678 32.387 4.805 191323.729
1.698000 71.676 32.385 4.805 191365.347
1.699000 71.673 32.382 4.805 191402.881
1.700000 71.671 32.380 4.805 191394.797
1.701000 71.669 32.378 4.805 191343.848
1.702000 71.667 32.375 4.805 191346.847
1.703000 71.664 32.373 4.805 191402.648
1.704000 71.662 32.370 4.805 191541.673
1.705000 71.660 32.368 4.805 191509.204
1.706000 71.657 32.366 4.805 191425.946
1.707000 71.655 32.363 4.805 191485.706
1.708000 71.653 32.361 4.805 191480.574
1.709000 71.650 32.358 4.805 191584.092
1.710000 71.648 32.356 4.805 191643.651
1.711000 71.646 32.354 4.805 191661.139
1.712000 71.643 32.351 4.805 191584.683
1.713000 71.641 32.349 4.805 191652.764
1.714000 71.639 32.347 4.805 191792.170
1.715000 71.637 32.344 4.805 191787.584
1.716000 71.634 32.342 4.805 191755.454
1.717000 71.632 32.339 4.805 191679.220
1.718000 71.630 32.337 4.805 191670.630
1.719000 71.627 32.335 4.805 191689.950
1.720000 71.625 32.332 4.805 191600.719
1.721000 71.623 32.330 4.805 191574.815
1.722000 71.621 32.328 4.805 191629.755
1.723000 71.618 32.325 4.805 191708.372
1.724000 71.616 32.323 4.805 191747.263
1.725000 71.614 32.320 4.805 191669.856
1.726000 71.612 32.318 4.805 191694.678
1.727000 71.609 32.316 4.805 191660.326
1.728000 71.607 32.313 4.805 191697.779
1.729000 71.605 32.311 4.805 191812.120
1.730000 71.602 32.309 4.805 191713.436
1.731000 71.600 32.306 4.805 191792.916
1.732000 71.598 32.304 4.805 192061.280
1.733000 71.596 32.302 4.805 192151.610
1.734000 71.593 32.299 4.805 192075.254
1.735000 71.591 32.297 4.805 192035.724
1.736000 71.589 32.295 4.805 191992.986
1.737000 71.587 32.292 4.805 192128.345
1.738000 71.584 32.290 4.805 192034.778
1.739000 71.582 32.288 4.805 192041.238
1.740000 71.580 32.285 4.805 191919.628
1.741000 71.578 32.283 4.805 191783.038
1.742000 71.575 32.280 4.805 191726.374
1.743000 71.573 32.278 4.805 191634.879
1.744000 71.571 32.276 4.805 191699.324
1.745000 71.569 32.273 4.805 191763.310
1.746000 71.567 32.271 4.805 191675.282
1.747000 71.564 32.269 4.805 191529.659
1.748000 71.562 32.266 4.805 191447.134
1.749000 71.560 32.264 4.805 191564.896
1.750000 71.558 32.262 4.805 191655.291
1.751000 71.555 32.259 4.805 191619.354
1.752000 71.553 32.257 4.805 191692.074
1.753000 71.551 32.255 4.805 191758.659
1.754000 71.549 32.252 4.805 191757.681
1.755000 71.547 32.250 4.805 191894.545
1.756000 71.544 32.248 4.805 191984.501
1.757000 71.542 32.245 4.805 191958.597
1.758000 71.540 32.243 4.805 192030.127
1.759000 71.538 32.241 4.805 192195.151
1.760000 71.535 32.239 4.805 192119.807
1.761000 71.533 32.236 4.805 192021.615
1.762000 71.531 32.234 4.805 191920.441
1.763000 71.529 32.232 4.805 191924.251
1.764000 71.527 32.229 4.805 192023.261
1.765000 71.524 32.227 4.805 192055.292
1.766000 71.522 32.225 4.805 192028.783
1.767000 71.520 32.222 4.805 192033.254
1.768000 71.518 32.220 4.805 192024.272
1.769000 71.516 32.218 4.805 192036.436
1.770000 71.514 32.215 4.805 191932.425
1.771000 71.511 32.213 4.805 191919.268
1.772000 71.509 32.211 4.805 191959.756
1.773000 71.507 32.208 4.805 191964.909
1.774000 71.505 32.206 4.805 191994.421
1.775000 71.503 32.204 4.805 191975.489
1.776000 71.500 32.202 4.805 192011.574
1.777000 71.498 32.199 4.805 192000.756
1.778000 71.496 32.197 4.805 192009.410
1.779000 71.494 32.195 4.805 192076.082
1.780000 71.492 32.192 4.805 192071.713
1.781000 71.490 32.190 4.805 192175.262
1.782000 71.487 32.188 4.805 192064.641
1.783000 71.485 32.185 4.805 192147.653
1.784000 71.483 32.183 4.805 192163.265
1.785000 71.481 32.181 4.805 192180.102
1.786000 71.479 32.179 4.805 192209.136
1.787000 71.490 32.150 4.828 192294.596
1.788000 71.488 32.148 4.828 192319.826
1.789000 71.486 32.145 4.828 192359.602
1.790000 71.484 32.143 4.828 192335.200
1.791000 71.481 32.141 4.828 192338.584
1.792000 71.479 32.138 4.828 192310.167
1.793000 71.477 32.136 4.828 192385.499
1.794000 71.475 32.134 4.828 192384.646
1.795000 71.473 32.132 4.828 192401.290
1.796000 71.471 32.129 4.828 192367.905
1.797000 71.469 32.127 4.828 192352.947
1.798000 71.466 32.125 4.828 192437.474
1.799000 71.464 32.122 4.828 192475.558
1.800000 71.462 32.120 4.828 192513.957
1.801000 71.460 32.118 4.828 192402.882
1.802000 71.458 32.116 4.828 192383.746
1.803000 71.456 32.113 4.828 192398.220
1.804000 71.454 32.111 4.828 192333.083
1.805000 71.451 32.109 4.828 192331.611
1.806000 71.449 32.107 4.828 192258.394
1.807000 71.447 32.104 4.828 192264.091
1.808000 71.445 32.102 4.828 192312.417
1.809000 71.443 32.100 4.828 192384.798
1.810000 71.441 32.097 4.828 192406.278
1.811000 71.439 32.095 4.828 192465.323
1.812000 71.437 32.093 4.828 192556.183
1.813000 71.434 32.091 4.828 192535.714
1.814000 71.432 32.088 4.828 192572.501
1.815000 71.430 32.086 4.828 192554.801
1.816000 71.428 32.084 4.828 192596.180
1.817000 71.426 32.082 4.828 192587.634
1.818000 71.424 32.079 4.828 192704.636
1.819000 71.422 32.077 4.828 192652.682
1.820000 71.420 32.075 4.828 192565.540
1.821000 71.418 32.073 4.828 192600.397
1.822000 71.415 32.070 4.828 192534.887
1.823000 71.413 32.068 4.828 192484.094
1.824000 71.411 32.066 4.828 192487.947
1.825000 71.409 32.064 4.828 192440.178
1.826000 71.407 32.061 4.828 192515.767
1.827000 71.405 32.059 4.828 192719.550
1.828000 71.403 32.057 4.828 192790.434
1.829000 71.401 32.055 4.828 192809.405
1.830000 71.399 32.052 4.828 192898.127
1.831000 71.397 32.050 4.828 192833.432
1.832000 71.395 32.048 4.828 192837.276
1.833000 71.392 32.046 4.828 192821.200
1.834000 71.390 32.043 4.828 192780.285
1.835000 71.388 32.041 4.828 192693.835
1.836000 71.386 32.039 4.828 192650.723
1.837000 71.384 32.037 4.828 192669.130
1.838000 71.382 32.034 4.828 192781.517
1.839000 71.380 32.032 4.828 192855.483
1.840000 71.378 32.030 4.828 192844.948
1.841000 71.376 32.028 4.828 192698.650
1.842000 71.374 32.025 4.828 192697.582
1.843000 71.372 32.023 4.828 192634.828
1.844000 71.370 32.021 4.828 192552.037
1.845000 71.368 32.019 4.828 192517.286
1.846000 71.366 32.017 4.828 192448.822
1.847000 71.363 32.014 4.828 192375.051
1.848000 71.361 32.012 4.828 192429.939
1.849000 71.359 32.010 4.828 192525.505
1.850000 71.357 32.008 4.828 192599.485
1.851000 71.355 32.005 4.828 192623.266
1.852000 71.353 32.003 4.828 192582.514
1.853000 71.351 32.001 4.828 192544.379
1.854000 71.349 31.999 4.828 192559.120
1.855000 71.347 31.996 4.828 192698.808
1.856000 71.345 31.994 4.828 192621.257
1.857000 71.343 31.992 4.828 192727.235
1.858000 71.341 31.990 4.828 192799.026
1.859000 71.339 31.988 4.828 192855.854
1.860000 71.337 31.985 4.828 192898.811
1.861000 71.335 31.983 4.828 192925.610
1.862000 71.333 31.981 4.828 193060.259
1.863000 71.331 31.979 4.828 193242.232
1.864000 71.329 31.977 4.828 193187.848
1.865000 71.327 31.974 4.828 193142.785
1.866000 71.325 31.972 4.828 193021.121
1.867000 71.323 31.970 4.828 193135.931
1.868000 71.321 31.968 4.828 193156.498
1.869000 71.319 31.965 4.828 193155.981
1.870000 71.316 31.963 4.828 193272.860
1.871000 71.314 31.961 4.828 193274.278
1.872000 71.312 31.959 4.828 193198.308
1.873000 71.310 31.957 4.828 193021.495
1.874000 71.308 31.954 4.828 192960.067
1.875000 71.306 31.952 4.828 192843.483
1.876000 71.304 31.950 4.828 192857.853
1.877000 71.302 31.948 4.828 192978.548
1.878000 71.300 31.946 4.828 192879.638
1.879000 71.298 31.943 4.828 192849.062
1.880000 71.296 31.941 4.828 192860.591
1.881000 71.294 31.939 4.828 192898.855
1.882000 71.292 31.937 4.828 192865.673
1.883000 71.290 31.935 4.828 192982.899
1.884000 71.288 31.932 4.828 193034.413
1.885000 71.286 31.930 4.828 193014.359
1.886000 71.284 31.928 4.828 192967.738
1.887000 71.282 31.926 4.828 193044.033
1.888000 71.280 31.924 4.828 193156.608
1.889000 71.278 31.921 4.828 193127.828
1.890000 71.276 31.919 4.828 193169.761
1.891000 71.274 31.917 4.828 193167.888
1.892000 71.272 31.915 4.828 193228.869
1.893000 71.270 31.913 4.828 193169.799
1.894000 71.268 31.910 4.828 193170.542
1.895000 71.266 31.908 4.828 193142.495
1.896000 71.264 31.906 4.828 193159.951
1.897000 71.262 31.904 4.828 193256.637
1.898000 71.260 31.902 4.828 193268.394
1.899000 71.258 31.900 4.828 193294.984
1.900000 71.256 31.897 4.828 193325.825
1.901000 71.254 31.895 4.828 193311.270
1.902000 71.252 31.893 4.828 193359.976
1.903000 71.250 31.891 4.828 193354.964
1.904000 71.249 31.889 4.828 193354.149
1.905000 71.247 31.886 4.828 193412.495
1.906000 71.245 31.884 4.828 193515.255
1.907000 71.243 31.882 4.828 193589.076
1.908000 71.241 31.880 4.828 193610.787
1.909000 71.239 31.878 4.828 193641.855
1.910000 71.237 31.876 4.828 193597.825
1.911000 71.235 31.873 4.828 193621.789
1.912000 71.233 31.871 4.828 193690.956
1.913000 71.231 31.869 4.828 193610.438
1.914000 71.229 31.867 4.828 193628.444
1.915000 71.227 31.865 4.828 193668.137
1.916000 71.225 31.863 4.828 193681.675
1.917000 71.223 31.860 4.828 193697.377
1.918000 71.221 31.858 4.828 193636.315
1.919000 71.219 31.856 4.828 193689.826
1.920000 71.217 31.854 4.828 193665.208
1.921000 71.215 31.852 4.828 193526.768
1.922000 71.213 31.850 4.828 193628.479
1.923000 71.211 31.847 4.828 193725.927
1.924000 71.209 31.845 4.828 193589.440
1.925000 71.207 31.843 4.828 193432.101
1.926000 71.205 31.841 4.828 193391.739
1.927000 71.203 31.839 4.828 193431.607
1.928000 71.202 31.837 4.828 193476.564
1.929000 71.200 31.834 4.828 193436.495
1.930000 71.198 31.832 4.828 193471.771
1.931000 71.196 31.830 4.828 193504.152
1.932000 71.194 31.828 4.828 193539.171
1.933000 71.192 31.826 4.828 193643.085
1.934000 71.190 31.824 4.828 193693.982
1.935000 71.188 31.822 4.828 193803.962
1.936000 71.186 31.819 4.828 193805.757
1.937000 71.184 31.817 4.828 193817.604
1.938000 71.182 31.815 4.828 193833.926
1.939000 71.180 31.813 4.828 193791.694
1.940000 71.178 31.811 4.828 193708.584
1.941000 71.176 31.809 4.828 193711.346
1.942000 71.174 31.806 4.828 193727.561
1.943000 71.173 31.804 4.828 193764.317
1.944000 71.171 31.802 4.828 193752.245
1.945000 71.169 31.800 4.828 193735.202
1.946000 71.167 31.798 4.828 193693.095
1.947000 71.165 31.796 4.828 193704.330
1.948000 71.163 31.794 4.828 193777.670
1.949000 71.161 31.791 4.828 193543.690
1.950000 71.159 31.789 4.828 193477.189
1.951000 71.157 31.787 4.828 193587.918
1.952000 71.155 31.785 4.828 193687.382
1.953000 71.153 31.783 4.828 193736.653
1.954000 71.151 31.781 4.828 193667.243
1.955000 71.150 31.779 4.828 193656.223
1.956000 71.148 31.777 4.828 193828.555
1.957000 71.146 31.774 4.828 193934.183
1.958000 71.144 31.772 4.828 194096.244
1.959000 71.142 31.770 4.828 194016.237
1.960000 71.140 31.768 4.828 193945.902
1.961000 71.138 31.766 4.828 193990.228
1.962000 71.136 31.764 4.828 193942.165
1.963000 71.134 31.762 4.828 193949.889
1.964000 71.132 31.759 4.828 193957.079
1.965000 71.131 31.757 4.828 193992.078
1.966000 71.129 31.755 4.828 193962.630
1.967000 71.127 31.753 4.828 193738.133
1.968000 71.125 31.751 4.828 193801.609
1.969000 71.123 31.749 4.828 193877.754
1.970000 71.121 31.747 4.828 193909.928
1.971000 71.119 31.745 4.828 193965.810
1.972000 71.117 31.742 4.828 193878.626
1.973000 71.115 31.740 4.828 193847.959
1.974000 71.114 31.738 4.828 193893.116
1.975000 71.112 31.736 4.828 193960.715
1.976000 71.110 31.734 4.828 193978.002
1.977000 71.108 31.732 4.828 193822.373
1.978000 71.106 31.730 4.828 193865.984
1.979000 71.104 31.728 4.828 193962.391
1.980000 71.102 31.725 4.828 193956.827
1.981000 71.100 31.723 4.828 193992.972
1.982000 71.099 31.721 4.828 194114.746
1.983000 71.097 31.719 4.828 194087.919
1.984000 71.095 31.717 4.828 194025.339
1.985000 71.093 31.715 4.828 193900.952
1.986000 71.091 31.713 4.828 193994.777
1.987000 71.089 31.711 4.828 194038.601
1.988000 71.087 31.709 4.828 194174.719
1.989000 71.086 31.706 4.828 194136.207
1.990000 71.084 31.704 4.828 194099.045
1.991000 71.082 31.702 4.828 194096.584
1.992000 71.080 31.700 4.828 194181.936
1.993000 71.078 31.698 4.828 194250.584
1.994000 71.076 31.696 4.828 194351.644
1.995000 71.074 31.694 4.828 194320.316
1.996000 71.073 31.692 4.828 194371.380
1.997000 71.071 31.690 4.828 194433.851
1.998000 71.069 31.687 4.828 194416.611
1.999000 71.067 31.685 4.828 194432.460
2.000000 71.065 31.683 4.828 194315.345
