0.001000 80.248 42.923 5.020 101724.157
0.002000 80.248 43.176 5.020 101603.751
0.003000 80.248 43.484 5.020 101538.257
0.004000 79.916 42.499 5.016 101541.157
0.005000 79.813 42.499 5.013 101540.003
0.006000 79.773 42.498 5.017 101537.588
0.007000 79.773 42.497 5.017 101534.216
0.008000 79.778 42.496 5.054 101530.474
0.009000 79.885 42.496 5.016 101528.195
0.010000 79.916 42.495 5.016 101528.370
0.011000 79.942 42.493 5.000 101530.312
0.012000 79.988 42.492 4.999 101533.078
0.013000 79.988 42.491 4.999 101535.837
0.014000 79.988 42.490 4.999 101538.275
0.015000 79.988 42.488 4.999 101540.226
0.016000 79.988 42.486 4.999 101541.638
0.017000 79.988 42.485 4.999 101542.540
0.018000 79.988 42.483 4.999 101543.018
0.019000 79.988 42.481 4.999 101543.191
0.020000 79.988 42.479 4.999 101543.181
0.021000 79.988 42.477 4.999 101543.086
0.022000 79.988 42.475 4.999 101542.973
0.023000 79.988 42.472 4.999 101542.889
0.024000 79.988 42.470 4.999 101542.869
0.025000 79.988 42.468 4.999 101542.939
0.026000 79.988 42.465 4.999 101543.099
0.027000 79.988 42.462 4.999 101543.327
0.028000 79.988 42.459 4.999 101543.575
0.029000 79.988 42.457 4.999 101543.791
0.030000 79.988 42.454 4.999 101543.933
0.031000 79.988 42.450 4.999 101543.990
0.032000 79.988 42.447 4.999 101543.986
0.033000 79.988 42.444 4.999 101543.967
0.034000 79.988 42.441 4.999 101544.064
0.035000 80.118 42.437 4.805 101544.413
0.036000 80.118 42.433 4.805 101544.821
0.037000 80.118 42.430 4.805 101545.255
0.038000 80.118 42.426 4.805 101545.707
0.039000 80.147 42.422 4.828 101546.234
0.040000 80.147 42.418 4.828 101546.868
0.041000 80.147 42.414 4.828 101547.559
0.042000 80.147 42.410 4.828 101548.250
0.043000 80.147 42.405 4.828 101548.906
0.044000 80.147 42.401 4.828 101549.528
0.045000 80.147 42.397 4.828 101550.150
0.046000 80.147 42.392 4.828 101550.815
0.047000 80.147 42.387 4.828 101551.556
0.048000 80.147 42.382 4.828 101552.402
0.049000 80.147 42.378 4.828 101553.369
0.050000 80.147 42.373 4.828 101554.450
0.051000 80.147 42.367 4.828 101555.625
0.052000 80.147 42.362 4.828 101556.864
0.053000 80.147 42.357 4.828 101558.132
0.054000 80.147 42.352 4.828 101559.400
0.055000 80.147 42.346 4.828 101560.630
0.056000 80.147 42.340 4.828 101561.763
0.057000 80.147 42.335 4.828 101562.857
0.058000 80.147 42.329 4.828 101563.937
0.059000 80.147 42.323 4.828 101564.994
0.060000 80.147 42.317 4.828 101566.040
0.061000 80.147 42.311 4.828 101567.046
0.062000 80.147 42.305 4.828 101568.090
0.063000 80.147 42.298 4.828 101569.189
0.064000 80.147 42.292 4.828 101570.384
0.065000 80.147 42.286 4.828 101571.668
0.066000 80.147 42.279 4.828 101573.024
0.067000 80.147 42.272 4.828 101574.466
0.068000 80.147 42.265 4.828 101576.038
0.069000 80.147 42.259 4.828 101577.836
0.070000 80.147 42.252 4.828 101579.925
0.071000 80.147 42.244 4.828 101582.239
0.072000 80.147 42.237 4.828 101584.525
0.073000 80.147 42.230 4.828 101586.381
0.074000 79.879 42.223 4.805 101587.760
0.075000 79.778 42.215 5.054 101590.784
0.076000 79.778 42.207 5.054 101592.719
0.077000 79.778 42.200 5.054 101592.819
0.078000 79.778 42.192 5.054 101591.256
0.079000 79.778 42.184 5.054 101588.907
0.080000 79.778 42.176 5.054 101586.946
0.081000 80.147 42.168 4.828 101588.889
0.082000 80.147 42.160 4.828 101593.911
0.083000 80.147 42.151 4.828 101598.745
0.084000 80.147 42.143 4.828 101602.781
0.085000 80.147 42.135 4.828 101605.744
0.086000 80.147 42.126 4.828 101607.655
0.087000 80.147 42.117 4.828 101608.810
0.088000 80.147 42.108 4.828 101609.573
0.089000 80.147 42.100 4.828 101610.195
0.090000 80.147 42.091 4.828 101610.868
0.091000 80.147 42.081 4.828 101611.602
0.092000 80.147 42.072 4.828 101612.549
0.093000 80.147 42.063 4.828 101613.752
0.094000 80.147 42.054 4.828 101615.044
0.095000 80.147 42.044 4.828 101616.312
0.096000 80.147 42.034 4.828 101617.783
0.097000 80.147 42.025 4.828 101619.600
0.098000 80.147 42.015 4.828 101621.721
0.099000 80.147 42.005 4.828 101624.232
0.100000 80.147 41.995 4.828 101627.182
0.101000 80.147 41.985 4.828 101617.518
0.102000 80.147 41.975 4.828 101613.421
0.103000 80.147 41.965 4.828 101612.557
0.104000 80.147 41.955 4.828 101613.286
0.105000 80.147 41.945 4.828 101614.981
0.106000 79.879 41.935 4.805 101617.406
0.107000 79.879 41.925 4.805 101620.894
0.108000 79.773 41.915 5.017 101623.560
0.109000 79.773 41.905 5.017 101625.895
0.110000 79.773 41.895 5.017 101626.497
0.111000 79.773 41.885 5.017 101625.497
0.112000 79.773 41.875 5.017 101623.406
0.113000 79.879 41.865 4.805 101621.993
0.114000 79.879 41.855 4.805 101622.748
0.115000 79.988 41.845 4.999 101626.808
0.116000 79.988 41.835 4.999 101634.794
0.117000 79.988 41.825 4.999 101642.736
0.118000 79.988 41.815 4.999 101649.679
0.119000 79.988 41.805 4.999 101656.936
0.120000 79.988 41.795 4.999 101665.766
0.121000 79.988 41.785 4.999 101676.485
0.122000 79.988 41.775 4.999 101685.911
0.123000 79.988 41.765 4.999 101695.429
0.124000 79.988 41.755 4.999 101708.714
0.125000 79.988 41.745 4.999 101725.845
0.126000 79.988 41.735 4.999 101740.708
0.127000 79.988 41.725 4.999 101757.127
0.128000 79.988 41.715 4.999 101784.169
0.129000 79.988 41.705 4.999 101808.843
0.130000 79.988 41.695 4.999 101832.948
0.131000 79.988 41.685 4.999 101874.802
0.132000 79.988 41.675 4.999 101913.191
0.133000 79.988 41.665 4.999 101957.615
0.134000 79.988 41.655 4.999 102029.255
0.135000 79.961 41.645 4.975 102094.396
0.136000 79.961 41.635 4.975 102191.814
0.137000 79.961 41.625 4.975 102313.381
0.138000 79.961 41.615 4.975 102449.624
0.139000 79.961 41.605 4.975 102663.804
0.140000 79.931 41.595 4.955 102895.716
0.141000 79.931 41.585 4.955 103286.745
0.142000 79.896 41.575 4.946 103768.264
0.143000 79.852 41.565 4.977 104634.718
0.144000 79.818 41.555 4.939 106026.880
0.145000 79.773 41.545 4.980 108801.111
0.146000 80.173 41.535 5.150 110789.678
0.147000 80.173 41.525 5.150 113416.370
0.148000 80.195 41.515 5.120 115270.875
0.149000 80.211 41.505 5.086 116139.909
0.150000 80.066 41.495 5.089 116995.475
0.151000 80.044 41.485 5.055 117590.013
0.152000 80.040 41.475 4.998 117865.732
0.153000 80.040 41.465 4.998 117833.728
0.154000 80.040 41.455 4.998 117562.211
0.155000 80.040 41.445 4.998 117246.430
0.156000 80.070 41.435 5.025 117029.108
0.157000 80.070 41.425 5.025 117039.899
0.158000 80.070 41.415 5.025 117271.114
0.159000 80.070 41.405 5.025 117705.311
0.160000 80.070 41.395 5.025 118287.569
0.161000 80.070 41.385 5.025 118942.271
0.162000 80.070 41.374 5.025 119594.297
0.163000 80.070 41.364 5.025 120191.378
0.164000 80.070 41.354 5.025 120719.223
0.165000 80.070 41.344 5.025 121203.603
0.166000 80.070 41.334 5.025 121691.431
0.167000 80.070 41.324 5.025 122235.341
0.168000 80.070 41.314 5.025 122884.521
0.169000 80.070 41.304 5.025 123675.634
0.170000 80.070 41.294 5.025 124624.377
0.171000 80.070 41.283 5.025 125743.440
0.172000 80.070 41.273 5.025 127041.692
0.173000 80.070 41.263 5.025 128524.880
0.174000 80.070 41.253 5.025 130225.185
0.175000 80.070 41.243 5.025 132171.936
0.176000 80.070 41.233 5.025 134396.060
0.177000 80.070 41.222 5.025 136960.779
0.178000 80.070 41.212 5.025 139893.579
0.179000 80.070 41.202 5.025 143237.102
0.180000 80.070 41.192 5.025 147070.011
0.181000 80.070 41.182 5.025 151383.664
0.182000 80.070 41.171 5.025 156240.120
0.183000 80.070 41.161 5.025 161684.731
0.184000 80.040 41.151 4.998 167694.343
0.185000 80.040 41.141 4.998 174307.845
0.186000 80.040 41.131 4.998 181547.944
0.187000 80.174 41.120 4.855 191284.445
0.188000 80.174 41.110 4.855 201125.144
0.189000 80.174 41.100 4.855 209331.995
0.190000 80.147 41.090 4.828 215818.849
0.191000 79.988 41.079 4.999 221124.222
0.192000 79.988 41.069 4.999 227162.223
0.193000 79.988 41.059 4.999 231211.566
0.194000 79.988 41.049 4.999 232143.591
0.195000 79.816 41.039 4.904 231005.753
0.196000 79.816 41.029 4.904 227114.210
0.197000 79.816 41.019 4.904 220420.870
0.198000 79.778 41.008 5.054 213021.718
0.199000 79.779 40.998 5.054 205807.911
0.200000 79.779 40.988 5.054 198054.550
0.201000 79.779 40.978 5.054 190818.854
0.202000 79.779 40.968 5.054 184659.332
0.203000 79.779 40.958 5.054 179799.109
0.204000 79.779 40.948 5.054 176283.119
0.205000 79.779 40.938 5.054 174098.760
0.206000 79.779 40.927 5.054 173172.531
0.207000 79.779 40.917 5.054 173382.331
0.208000 79.779 40.907 5.054 174455.772
0.209000 79.779 40.897 5.054 176174.714
0.210000 79.779 40.887 5.054 178281.989
0.211000 79.779 40.877 5.054 180575.962
0.212000 79.779 40.867 5.054 182809.752
0.213000 79.779 40.857 5.054 184724.275
0.214000 79.779 40.847 5.054 186084.357
0.215000 79.779 40.836 5.054 186710.581
0.216000 79.779 40.826 5.054 186521.410
0.217000 79.779 40.816 5.054 185592.220
0.218000 79.779 40.806 5.054 184053.117
0.219000 79.779 40.796 5.054 182184.589
0.220000 79.779 40.786 5.054 180225.670
0.221000 79.780 40.776 5.054 178390.656
0.222000 79.780 40.766 5.054 176858.451
0.223000 79.780 40.756 5.054 175749.150
0.224000 79.780 40.745 5.054 175102.905
0.225000 79.780 40.735 5.054 174883.158
0.226000 79.780 40.725 5.054 174996.606
0.227000 79.780 40.715 5.054 175321.755
0.228000 79.780 40.705 5.054 175732.978
0.229000 79.780 40.695 5.054 176107.318
0.230000 79.780 40.685 5.054 176347.652
0.231000 79.780 40.675 5.054 176415.835
0.232000 79.780 40.665 5.054 176292.433
0.233000 79.780 40.655 5.054 175985.038
0.234000 79.780 40.645 5.054 175540.754
0.235000 79.780 40.634 5.054 175026.479
0.236000 79.780 40.624 5.054 174511.811
0.237000 79.781 40.614 5.054 174048.553
0.238000 79.781 40.604 5.054 173677.694
0.239000 79.781 40.594 5.054 173571.421
0.240000 79.781 40.584 5.054 173642.802
0.241000 79.781 40.574 5.054 173723.046
0.242000 79.781 40.564 5.054 173732.619
0.243000 79.781 40.554 5.054 173659.601
0.244000 79.781 40.544 5.054 173510.724
0.245000 79.781 40.533 5.054 173300.034
0.246000 79.781 40.523 5.054 173086.895
0.247000 79.781 40.513 5.054 172883.252
0.248000 79.781 40.503 5.054 172696.340
0.249000 79.782 40.493 5.054 172533.107
0.250000 79.782 40.483 5.054 172406.205
0.251000 79.782 40.473 5.054 172246.336
0.252000 79.777 40.463 5.017 172117.829
0.253000 79.777 40.453 5.017 172057.534
0.254000 79.777 40.443 5.017 171981.744
0.255000 79.777 40.432 5.017 171882.576
0.256000 79.777 40.422 5.017 171748.750
0.257000 79.777 40.412 5.017 171597.954
0.258000 79.777 40.402 5.017 171455.128
0.259000 79.777 40.392 5.017 171338.346
0.260000 79.777 40.382 5.017 171279.472
0.261000 79.777 40.372 5.017 171231.495
0.262000 79.777 40.362 5.017 171534.634
0.263000 79.778 40.352 5.017 171825.064
0.264000 79.778 40.341 5.017 171892.772
0.265000 79.778 40.331 5.017 171767.050
0.266000 79.778 40.321 5.017 171499.732
0.267000 79.778 40.311 5.017 171270.536
0.268000 79.778 40.301 5.017 171104.418
0.269000 79.778 40.291 5.017 170987.511
0.270000 79.778 40.281 5.017 170904.627
0.271000 79.778 40.271 5.017 170837.967
0.272000 79.778 40.261 5.017 170775.128
0.273000 79.779 40.250 5.017 170702.218
0.274000 79.779 40.240 5.017 170688.668
0.275000 79.779 40.230 5.017 170780.776
0.276000 79.779 40.220 5.017 170786.091
0.277000 79.779 40.210 5.017 170755.785
0.278000 79.779 40.200 5.017 170699.638
0.279000 79.779 40.190 5.017 170647.776
0.280000 79.779 40.180 5.017 170594.056
0.281000 79.780 40.170 5.017 170598.268
0.282000 79.780 40.159 5.017 170609.477
0.283000 79.780 40.149 5.017 170610.419
0.284000 79.780 40.139 5.017 170572.066
0.285000 79.780 40.129 5.017 170531.594
0.286000 79.780 40.119 5.017 171289.990
0.287000 79.780 40.109 5.017 171567.552
0.288000 79.780 40.099 5.017 171426.961
0.289000 79.780 40.089 5.017 171290.002
0.290000 79.781 40.078 5.017 171155.098
0.291000 79.781 40.068 5.017 170994.138
0.292000 79.781 40.058 5.017 170846.535
0.293000 79.781 40.048 5.017 170731.129
0.294000 79.781 40.038 5.017 170620.564
0.295000 79.781 40.028 5.017 170599.983
0.296000 79.781 40.018 5.017 170638.165
0.297000 79.782 40.008 5.017 170674.768
0.298000 79.782 39.997 5.017 170829.108
0.299000 79.782 39.987 5.017 170861.666
0.300000 79.782 39.977 5.017 170781.674
0.301000 79.782 39.967 5.017 170678.852
0.302000 79.782 39.957 5.017 170621.292
0.303000 79.782 39.947 5.017 170652.550
0.304000 79.782 39.937 5.017 170711.681
0.305000 79.783 39.927 5.017 170697.256
0.306000 79.783 39.916 5.017 170716.006
0.307000 79.783 39.906 5.017 170713.690
0.308000 79.783 39.896 5.017 170704.460
0.309000 79.783 39.886 5.017 170861.201
0.310000 79.783 39.876 5.017 171917.849
0.311000 79.784 39.866 5.017 172131.546
0.312000 79.784 39.856 5.017 171951.526
0.313000 79.784 39.845 5.017 171684.351
0.314000 79.784 39.835 5.017 171427.084
0.315000 79.784 39.825 5.017 171267.879
0.316000 79.784 39.815 5.017 171133.618
0.317000 79.784 39.805 5.017 171078.002
0.318000 79.785 39.795 5.017 171238.086
0.319000 79.785 39.785 5.017 171310.150
0.320000 79.785 39.774 5.017 171320.528
0.321000 79.785 39.764 5.017 171441.779
0.322000 79.785 39.754 5.017 171408.508
0.323000 79.786 39.744 5.017 171270.063
0.324000 79.786 39.734 5.017 171301.451
0.325000 79.786 39.724 5.017 171320.840
0.326000 79.786 39.714 5.017 171312.027
0.327000 79.786 39.703 5.017 171358.420
0.328000 79.786 39.693 5.017 171360.849
0.329000 79.787 39.683 5.017 171401.762
0.330000 79.787 39.673 5.017 171415.065
0.331000 79.787 39.663 5.017 171458.211
0.332000 79.787 39.653 5.017 171520.557
0.333000 79.787 39.643 5.017 171532.449
0.334000 79.788 39.632 5.017 172666.020
0.335000 79.788 39.622 5.017 173117.435
0.336000 79.788 39.612 5.017 172982.801
0.337000 79.788 39.602 5.017 172596.503
0.338000 79.788 39.592 5.017 172291.680
0.339000 79.789 39.582 5.017 172191.591
0.340000 79.789 39.572 5.017 172238.048
0.341000 79.789 39.561 5.017 172268.233
0.342000 79.789 39.551 5.017 172252.740
0.343000 79.789 39.541 5.017 172209.771
0.344000 79.790 39.531 5.017 172271.362
0.345000 79.790 39.521 5.017 172316.398
0.346000 79.790 39.511 5.017 172304.000
0.347000 79.790 39.500 5.017 172420.682
0.348000 79.790 39.490 5.017 172474.539
0.349000 79.791 39.480 5.017 172446.058
0.350000 79.791 39.470 5.017 172408.621
0.351000 79.791 39.460 5.017 172317.643
0.352000 79.791 39.450 5.017 172300.248
0.353000 79.792 39.440 5.017 172438.573
0.354000 79.792 39.429 5.017 172580.335
0.355000 79.792 39.419 5.017 172604.648
0.356000 79.792 39.409 5.017 172592.703
0.357000 79.793 39.399 5.017 172608.823
0.358000 79.793 39.389 5.017 173089.451
0.359000 79.793 39.379 5.017 174281.933
0.360000 79.793 39.368 5.017 174497.363
0.361000 79.794 39.358 5.017 174129.041
0.362000 79.794 39.348 5.017 173746.313
0.363000 79.794 39.338 5.017 173547.880
0.364000 79.794 39.328 5.017 173559.309
0.365000 79.795 39.318 5.017 173542.774
0.366000 79.795 39.308 5.017 173428.282
0.367000 79.795 39.297 5.017 173368.366
0.368000 79.795 39.287 5.017 173472.704
0.369000 79.796 39.277 5.017 173731.128
0.370000 79.796 39.267 5.017 173832.716
0.371000 79.796 39.257 5.017 173706.501
0.372000 79.797 39.247 5.017 173521.793
0.373000 79.797 39.236 5.017 173492.065
0.374000 79.803 39.226 5.054 173524.083
0.375000 79.803 39.216 5.054 173581.560
0.376000 79.803 39.206 5.054 173757.008
0.377000 79.804 39.196 5.054 173870.685
0.378000 79.804 39.186 5.054 173918.744
0.379000 79.804 39.176 5.054 173883.885
0.380000 79.805 39.165 5.054 173816.259
0.381000 79.805 39.155 5.054 173854.828
0.382000 79.805 39.145 5.054 173914.280
0.383000 79.806 39.135 5.054 174674.172
0.384000 79.806 39.125 5.054 175541.801
0.385000 79.806 39.115 5.054 175840.895
0.386000 79.807 39.104 5.054 175578.598
0.387000 79.807 39.094 5.054 175186.014
0.388000 79.807 39.084 5.054 175059.253
0.389000 79.808 39.074 5.054 174918.584
0.390000 79.808 39.064 5.054 174927.406
0.391000 79.809 39.054 5.054 174909.089
0.392000 79.809 39.043 5.054 174943.360
0.393000 79.809 39.033 5.054 175207.266
0.394000 79.810 39.023 5.054 175130.235
0.395000 79.810 39.013 5.054 174964.831
0.396000 79.811 39.003 5.054 174785.246
0.397000 79.811 38.993 5.054 174837.301
0.398000 79.811 38.983 5.054 175065.126
0.399000 79.812 38.972 5.054 175309.871
0.400000 79.812 38.962 5.054 175333.661
0.401000 79.813 38.952 5.054 175258.845
0.402000 79.813 38.942 5.054 175197.913
0.403000 80.183 38.936 4.828 175151.321
0.404000 80.183 38.926 4.828 175261.902
0.405000 80.184 38.915 4.828 175419.242
0.406000 80.184 38.905 4.828 175654.485
0.407000 80.185 38.895 4.828 175730.417
0.408000 80.185 38.885 4.828 176068.032
0.409000 80.186 38.875 4.828 176468.978
0.410000 80.186 38.865 4.828 176970.960
0.411000 80.187 38.855 4.828 177351.915
0.412000 80.187 38.845 4.828 177545.201
0.413000 80.188 38.835 4.828 177392.854
0.414000 80.189 38.825 4.828 177088.700
0.415000 80.189 38.814 4.828 176929.181
0.416000 80.190 38.804 4.828 176922.201
0.417000 80.190 38.794 4.828 177126.502
0.418000 80.191 38.784 4.828 177365.797
0.419000 80.191 38.774 4.828 177355.145
0.420000 80.192 38.764 4.828 177377.973
0.421000 80.193 38.754 4.828 177353.564
0.422000 80.193 38.744 4.828 177476.932
0.423000 80.194 38.734 4.828 177677.563
0.424000 80.194 38.724 4.828 177731.110
0.425000 80.195 38.714 4.828 177700.776
0.426000 80.196 38.704 4.828 177757.807
0.427000 80.196 38.693 4.828 177771.410
0.428000 80.197 38.683 4.828 178073.061
0.429000 80.198 38.673 4.828 178297.607
0.430000 80.198 38.663 4.828 178269.363
0.431000 80.199 38.653 4.828 178213.088
0.432000 80.200 38.643 4.828 178310.583
0.433000 80.201 38.633 4.828 178647.821
0.434000 80.201 38.623 4.828 179026.053
0.435000 80.202 38.613 4.828 179313.142
0.436000 80.203 38.603 4.828 180089.236
0.437000 80.203 38.593 4.828 180323.663
0.438000 80.204 38.583 4.828 180608.057
0.439000 80.205 38.573 4.828 180412.858
0.440000 80.206 38.563 4.828 180298.865
0.441000 80.206 38.552 4.828 180259.605
0.442000 80.207 38.542 4.828 180426.882
0.443000 80.208 38.532 4.828 180481.739
0.444000 80.209 38.522 4.828 180536.058
0.445000 80.210 38.512 4.828 180584.821
0.446000 80.210 38.502 4.828 180562.636
0.447000 80.211 38.492 4.828 180739.421
0.448000 80.212 38.482 4.828 180837.856
0.449000 80.213 38.472 4.828 180914.403
0.450000 80.214 38.462 4.828 180947.206
0.451000 80.214 38.452 4.828 180963.158
0.452000 80.215 38.442 4.828 181063.990
0.453000 80.216 38.432 4.828 181249.474
0.454000 80.217 38.422 4.828 181164.895
0.455000 80.218 38.412 4.828 181124.030
0.456000 80.219 38.402 4.828 181152.786
0.457000 80.219 38.392 4.828 181225.852
0.458000 80.220 38.382 4.828 181636.569
0.459000 80.221 38.372 4.828 181895.839
0.460000 80.222 38.362 4.828 182082.143
0.461000 80.223 38.352 4.828 182453.492
0.462000 80.224 38.342 4.828 182845.695
0.463000 80.225 38.332 4.828 183060.069
0.464000 80.226 38.322 4.828 183461.499
0.465000 80.226 38.312 4.828 183594.304
0.466000 80.227 38.302 4.828 183800.582
0.467000 80.228 38.292 4.828 183631.782
0.468000 80.229 38.282 4.828 183660.191
0.469000 80.230 38.272 4.828 183696.142
0.470000 80.231 38.262 4.828 183566.414
0.471000 80.232 38.252 4.828 183522.741
0.472000 80.233 38.242 4.828 183711.419
0.473000 80.234 38.232 4.828 183734.750
0.474000 80.235 38.222 4.828 183678.171
0.475000 80.236 38.212 4.828 183453.518
0.476000 80.237 38.202 4.828 183547.256
0.477000 80.237 38.192 4.828 183509.855
0.478000 80.238 38.182 4.828 183482.168
0.479000 80.239 38.172 4.828 183435.504
0.480000 80.240 38.162 4.828 183474.118
0.481000 80.241 38.152 4.828 183478.111
0.482000 80.242 38.142 4.828 183527.897
0.483000 80.243 38.132 4.828 183655.231
0.484000 80.244 38.122 4.828 183938.387
0.485000 80.245 38.112 4.828 183845.106
0.486000 80.246 38.102 4.828 184117.595
0.487000 80.247 38.092 4.828 184446.234
0.488000 80.248 38.082 4.828 184699.285
0.489000 80.249 38.072 4.828 185092.660
0.490000 80.250 38.062 4.828 185164.749
0.491000 80.251 38.052 4.828 185341.285
0.492000 80.251 38.042 4.828 185579.882
0.493000 80.252 38.032 4.828 185676.282
0.494000 80.253 38.022 4.828 185631.666
0.495000 80.254 38.012 4.828 185657.054
0.496000 80.255 38.002 4.828 185696.851
0.497000 80.256 37.992 4.828 185701.817
0.498000 80.257 37.982 4.828 185420.529
0.499000 80.258 37.972 4.828 185425.170
0.500000 80.259 37.962 4.828 185354.201
0.501000 80.260 37.952 4.828 185210.209
0.502000 80.261 37.943 4.828 185239.427
0.503000 80.262 37.933 4.828 185271.947
0.504000 80.263 37.923 4.828 185361.280
0.505000 80.264 37.913 4.828 185255.447
0.506000 80.265 37.903 4.828 185034.227
0.507000 80.266 37.893 4.828 185008.865
0.508000 80.267 37.883 4.828 185104.725
0.509000 80.268 37.873 4.828 185385.913
0.510000 80.269 37.863 4.828 185272.499
0.511000 80.270 37.853 4.828 185511.059
0.512000 80.270 37.843 4.828 185601.429
0.513000 80.271 37.833 4.828 185931.807
0.514000 80.272 37.823 4.828 185980.813
0.515000 80.273 37.814 4.828 186248.825
0.516000 80.274 37.804 4.828 186432.815
0.517000 80.275 37.794 4.828 186781.039
0.518000 80.276 37.784 4.828 186736.234
0.519000 80.277 37.774 4.828 186886.754
0.520000 80.278 37.764 4.828 186902.063
0.521000 80.279 37.754 4.828 186916.752
0.522000 80.280 37.744 4.828 186976.961
0.523000 80.281 37.734 4.828 187039.260
0.524000 80.282 37.725 4.828 186891.584
0.525000 80.283 37.715 4.828 187128.469
0.526000 80.284 37.705 4.828 187145.599
0.527000 80.285 37.695 4.828 187115.514
0.528000 80.286 37.685 4.828 186886.945
0.529000 80.287 37.675 4.828 186732.187
0.530000 80.288 37.665 4.828 186768.183
0.531000 80.289 37.655 4.828 186849.751
0.532000 80.290 37.646 4.828 186820.535
0.533000 80.291 37.636 4.828 186889.493
0.534000 80.291 37.626 4.828 186885.016
0.535000 80.292 37.616 4.828 186731.810
0.536000 80.293 37.606 4.828 186779.689
0.537000 80.294 37.596 4.828 186960.472
0.538000 80.295 37.586 4.828 187021.039
0.539000 80.296 37.577 4.828 186976.648
0.540000 80.297 37.567 4.828 187147.376
0.541000 80.298 37.557 4.828 187280.355
0.542000 80.299 37.547 4.828 187143.195
0.543000 80.300 37.537 4.828 187347.961
0.544000 80.301 37.527 4.828 187363.247
0.545000 80.302 37.518 4.828 187549.503
0.546000 80.303 37.508 4.828 187764.162
0.547000 80.304 37.498 4.828 187883.202
0.548000 80.305 37.488 4.828 188058.204
0.549000 80.306 37.478 4.828 188278.196
0.550000 80.307 37.468 4.828 188231.594
0.551000 80.308 37.459 4.828 188549.680
0.552000 80.309 37.449 4.828 188522.758
0.553000 80.310 37.439 4.828 188390.282
0.554000 80.311 37.429 4.828 188754.046
0.555000 80.312 37.419 4.828 188586.764
0.556000 80.312 37.410 4.828 188580.931
0.557000 80.313 37.400 4.828 188429.638
0.558000 80.314 37.390 4.828 188484.129
0.559000 80.315 37.380 4.828 188423.866
0.560000 80.316 37.371 4.828 188354.400
0.561000 80.317 37.361 4.828 188217.962
0.562000 80.318 37.351 4.828 188382.492
0.563000 80.319 37.341 4.828 188337.275
0.564000 80.320 37.331 4.828 188281.406
0.565000 80.321 37.322 4.828 188241.034
0.566000 80.322 37.312 4.828 188005.713
0.567000 80.323 37.302 4.828 188340.565
0.568000 80.324 37.292 4.828 188242.420
0.569000 80.325 37.283 4.828 188205.456
0.570000 80.326 37.273 4.828 188250.096
0.571000 80.327 37.263 4.828 188364.192
0.572000 80.328 37.253 4.828 188503.735
0.573000 80.329 37.244 4.828 188722.961
0.574000 80.330 37.234 4.828 188901.103
0.575000 80.331 37.224 4.828 188875.154
0.576000 80.332 37.214 4.828 189186.470
0.577000 80.333 37.205 4.828 189539.737
0.578000 80.334 37.195 4.828 189642.365
0.579000 80.335 37.185 4.828 189477.129
0.580000 80.335 37.175 4.828 189846.564
0.581000 80.336 37.166 4.828 189742.004
0.582000 80.337 37.156 4.828 190110.942
0.583000 80.338 37.146 4.828 190119.010
0.584000 80.339 37.137 4.828 189949.623
0.585000 80.340 37.127 4.828 190120.350
0.586000 80.341 37.117 4.828 189873.967
0.587000 80.342 37.107 4.828 189893.066
0.588000 80.343 37.098 4.828 189724.340
0.589000 80.344 37.088 4.828 189765.295
0.590000 80.345 37.078 4.828 189719.521
0.591000 80.346 37.069 4.828 189491.589
0.592000 80.347 37.059 4.828 189445.671
0.593000 80.348 37.049 4.828 189363.217
0.594000 80.349 37.040 4.828 189454.597
0.595000 80.350 37.030 4.828 189620.093
0.596000 80.351 37.020 4.828 189519.804
0.597000 80.352 37.011 4.828 189416.456
0.598000 80.353 37.001 4.828 189601.271
0.599000 80.354 36.991 4.828 189782.577
0.600000 80.355 36.982 4.828 189824.454
0.601000 80.356 36.972 4.828 189927.509
0.602000 80.357 36.962 4.828 190000.197
0.603000 80.358 36.953 4.828 189980.277
0.604000 80.359 36.943 4.828 190220.227
0.605000 80.360 36.933 4.828 190313.434
0.606000 80.361 36.924 4.828 190595.277
0.607000 80.361 36.914 4.828 190807.062
0.608000 80.362 36.904 4.828 190921.294
0.609000 80.363 36.895 4.828 190986.540
0.610000 80.364 36.885 4.828 191023.877
0.611000 80.365 36.876 4.828 191234.224
0.612000 80.366 36.866 4.828 191424.596
0.613000 80.367 36.856 4.828 191307.722
0.614000 80.368 36.847 4.828 191438.469
0.615000 80.369 36.837 4.828 191403.997
0.616000 80.370 36.827 4.828 191108.976
0.617000 80.371 36.818 4.828 191175.131
0.618000 80.372 36.808 4.828 191114.134
0.619000 80.373 36.799 4.828 191111.071
0.620000 80.374 36.789 4.828 190903.100
0.621000 80.375 36.779 4.828 190964.829
0.622000 80.376 36.770 4.828 191150.314
0.623000 80.377 36.760 4.828 191058.074
0.624000 80.378 36.751 4.828 190947.600
0.625000 80.379 36.741 4.828 190947.182
0.626000 80.380 36.732 4.828 191036.031
0.627000 80.381 36.722 4.828 191030.993
0.628000 80.382 36.712 4.828 191102.987
0.629000 80.383 36.703 4.828 191104.290
0.630000 80.384 36.693 4.828 190915.824
0.631000 80.385 36.684 4.828 191202.092
0.632000 80.386 36.674 4.828 191351.061
0.633000 80.387 36.665 4.828 191330.782
0.634000 80.388 36.655 4.828 191324.961
0.635000 80.389 36.646 4.828 191616.402
0.636000 80.390 36.636 4.828 191780.714
0.637000 80.391 36.627 4.828 191808.776
0.638000 80.392 36.617 4.828 192118.851
0.639000 80.393 36.607 4.828 192344.217
0.640000 80.394 36.598 4.828 192479.302
0.641000 80.395 36.588 4.828 192578.685
0.642000 80.396 36.579 4.828 192491.176
0.643000 80.397 36.569 4.828 192758.812
0.644000 80.398 36.560 4.828 192641.815
0.645000 80.398 36.550 4.828 192627.607
0.646000 80.399 36.541 4.828 192537.690
0.647000 80.400 36.531 4.828 192761.751
0.648000 80.401 36.522 4.828 192606.706
0.649000 80.402 36.512 4.828 192497.726
0.650000 80.403 36.503 4.828 192826.562
0.651000 80.404 36.493 4.828 192645.519
0.652000 80.405 36.484 4.828 192489.720
0.653000 80.406 36.475 4.828 192318.444
0.654000 80.407 36.465 4.828 192458.231
0.655000 80.408 36.456 4.828 192485.159
0.656000 80.409 36.446 4.828 192485.799
0.657000 80.410 36.437 4.828 192284.602
0.658000 80.411 36.427 4.828 192286.697
0.659000 80.412 36.418 4.828 192702.507
0.660000 80.413 36.408 4.828 192601.864
0.661000 80.414 36.399 4.828 192459.256
0.662000 80.415 36.389 4.828 192515.056
0.663000 80.416 36.380 4.828 192725.148
0.664000 80.417 36.371 4.828 192697.821
0.665000 80.418 36.361 4.828 192769.375
0.666000 80.419 36.352 4.828 192634.203
0.667000 80.420 36.342 4.828 192923.753
0.668000 80.421 36.333 4.828 193143.627
0.669000 80.422 36.323 4.828 193141.254
0.670000 80.423 36.314 4.828 193437.188
0.671000 80.424 36.305 4.828 193513.637
0.672000 80.425 36.295 4.828 193640.521
0.673000 80.426 36.286 4.828 193669.652
0.674000 80.427 36.277 4.828 193944.809
0.675000 80.428 36.267 4.828 193968.331
0.676000 80.429 36.258 4.828 193995.583
0.677000 80.430 36.248 4.828 193931.602
0.678000 80.431 36.239 4.828 193866.690
0.679000 80.432 36.230 4.828 194167.759
0.680000 80.433 36.220 4.828 193932.116
0.681000 80.434 36.211 4.828 193717.422
0.682000 80.435 36.202 4.828 193683.282
0.683000 80.436 36.192 4.828 193837.978
0.684000 80.437 36.183 4.828 193843.966
0.685000 80.438 36.173 4.828 193887.829
0.686000 80.439 36.164 4.828 193704.643
0.687000 80.440 36.155 4.828 194008.854
0.688000 80.441 36.145 4.828 193964.460
0.689000 80.442 36.136 4.828 193689.732
0.690000 80.443 36.127 4.828 193694.060
0.691000 80.444 36.117 4.828 193931.384
0.692000 80.445 36.108 4.828 193892.799
0.693000 80.446 36.099 4.828 193760.190
0.694000 80.447 36.090 4.828 193743.896
0.695000 80.448 36.080 4.828 193970.682
0.696000 80.449 36.071 4.828 193984.454
0.697000 80.450 36.062 4.828 194098.320
0.698000 80.451 36.052 4.828 194129.218
0.699000 80.452 36.043 4.828 194075.254
0.700000 80.453 36.034 4.828 194318.735
0.701000 80.454 36.025 4.828 194430.575
0.702000 80.454 36.015 4.828 194564.434
0.703000 80.455 36.006 4.828 194525.784
0.704000 80.456 35.997 4.828 194678.926
0.705000 80.457 35.987 4.828 194892.224
0.706000 80.458 35.978 4.828 195131.722
0.707000 80.459 35.969 4.828 195046.862
0.708000 80.460 35.960 4.828 195011.003
0.709000 80.093 35.920 5.054 195147.066
0.710000 80.094 35.910 5.054 195255.055
0.711000 80.095 35.901 5.054 195186.006
0.712000 80.096 35.892 5.054 195075.081
0.713000 80.097 35.883 5.054 195222.804
0.714000 80.098 35.873 5.054 195174.950
0.715000 80.099 35.864 5.054 195216.866
0.716000 80.100 35.855 5.054 195232.940
0.717000 80.101 35.845 5.054 195229.135
0.718000 80.102 35.836 5.054 195258.468
0.719000 80.103 35.827 5.054 195276.180
0.720000 80.104 35.817 5.054 195223.436
0.721000 80.105 35.808 5.054 195179.186
0.722000 80.106 35.799 5.054 195181.214
0.723000 80.107 35.790 5.054 195100.304
0.724000 80.108 35.780 5.054 195374.374
0.725000 80.109 35.771 5.054 195426.097
0.726000 80.110 35.762 5.054 195200.488
0.727000 80.111 35.753 5.054 195241.395
0.728000 80.112 35.743 5.054 195403.545
0.729000 80.113 35.734 5.054 195645.614
0.730000 80.114 35.725 5.054 195644.660
0.731000 80.115 35.716 5.054 195721.648
0.732000 80.116 35.706 5.054 195527.606
0.733000 80.117 35.697 5.054 195877.609
0.734000 80.118 35.688 5.054 196146.077
0.735000 80.119 35.679 5.054 196180.353
0.736000 80.120 35.669 5.054 196035.911
0.737000 80.121 35.660 5.054 196231.358
0.738000 80.122 35.651 5.054 196243.580
0.739000 80.123 35.642 5.054 196784.616
0.740000 80.124 35.633 5.054 196665.651
0.741000 80.125 35.623 5.054 196736.382
0.742000 80.126 35.614 5.054 196664.699
0.743000 80.127 35.605 5.054 196710.055
0.744000 80.128 35.596 5.054 197015.521
0.745000 80.129 35.587 5.054 196763.661
0.746000 80.130 35.578 5.054 196644.432
0.747000 80.131 35.568 5.054 196673.710
0.748000 80.132 35.559 5.054 196567.764
0.749000 80.133 35.550 5.054 196928.762
0.750000 80.134 35.541 5.054 196947.540
0.751000 80.135 35.532 5.054 196725.010
0.752000 80.136 35.523 5.054 196712.044
0.753000 80.137 35.513 5.054 196945.759
0.754000 80.138 35.504 5.054 196946.963
0.755000 80.139 35.495 5.054 196826.237
0.756000 80.140 35.486 5.054 196779.309
0.757000 80.141 35.477 5.054 196786.832
0.758000 80.142 35.468 5.054 197004.479
0.759000 80.143 35.459 5.054 197062.358
0.760000 80.144 35.450 5.054 197049.741
0.761000 80.145 35.441 5.054 197016.529
0.762000 80.146 35.431 5.054 196953.985
0.763000 80.147 35.422 5.054 197115.970
0.764000 80.148 35.413 5.054 197247.546
0.765000 80.149 35.404 5.054 197176.823
0.766000 80.150 35.395 5.054 197221.980
0.767000 80.151 35.386 5.054 197390.900
0.768000 80.152 35.377 5.054 197480.446
0.769000 80.153 35.368 5.054 197606.324
0.770000 80.154 35.359 5.054 197720.741
0.771000 80.155 35.350 5.054 197747.969
0.772000 80.156 35.341 5.054 197709.894
0.773000 80.157 35.332 5.054 198049.679
0.774000 80.158 35.323 5.054 197725.671
0.775000 80.159 35.314 5.054 197932.589
0.776000 80.160 35.305 5.054 197905.795
0.777000 80.161 35.296 5.054 197925.969
0.778000 80.162 35.287 5.054 197806.014
0.779000 80.163 35.278 5.054 197995.264
0.780000 80.164 35.269 5.054 198036.501
0.781000 80.165 35.260 5.054 198161.331
0.782000 80.166 35.251 5.054 197921.822
0.783000 80.166 35.242 5.054 197976.139
0.784000 80.167 35.233 5.054 197993.642
0.785000 80.168 35.224 5.054 197848.458
0.786000 80.169 35.215 5.054 198037.351
0.787000 80.170 35.206 5.054 198212.733
0.788000 80.171 35.197 5.054 198280.488
0.789000 80.172 35.188 5.054 198254.755
0.790000 80.173 35.179 5.054 198271.912
0.791000 80.174 35.170 5.054 198078.758
0.792000 80.175 35.161 5.054 198277.464
0.793000 80.176 35.152 5.054 198370.763
0.794000 80.177 35.143 5.054 198161.333
0.795000 80.178 35.134 5.054 198287.839
0.796000 80.179 35.126 5.054 198238.431
0.797000 80.180 35.117 5.054 198089.857
0.798000 80.181 35.108 5.054 198262.997
0.799000 80.182 35.099 5.054 198524.821
0.800000 80.183 35.090 5.054 198432.152
0.801000 80.184 35.081 5.054 198315.567
0.802000 80.185 35.072 5.054 198339.017
0.803000 80.186 35.063 5.054 198495.604
0.804000 80.187 35.055 5.054 198589.518
0.805000 80.188 35.046 5.054 198513.946
0.806000 80.189 35.037 5.054 198467.428
0.807000 80.190 35.028 5.054 198600.974
0.808000 80.191 35.019 5.054 198724.922
0.809000 80.192 35.010 5.054 198981.284
0.810000 80.193 35.002 5.054 198915.645
0.811000 80.194 34.993 5.054 198747.701
0.812000 80.194 34.984 5.054 198617.478
0.813000 80.195 34.975 5.054 198860.609
0.814000 80.196 34.966 5.054 198917.244
0.815000 80.197 34.958 5.054 198982.446
0.816000 80.198 34.949 5.054 198937.310
0.817000 80.199 34.940 5.054 198894.505
0.818000 80.200 34.931 5.054 198840.582
0.819000 80.201 34.922 5.054 199111.884
0.820000 80.202 34.914 5.054 199128.579
0.821000 80.203 34.905 5.054 199192.484
0.822000 80.204 34.896 5.054 199288.910
0.823000 80.205 34.887 5.054 199247.610
0.824000 80.206 34.879 5.054 199187.790
0.825000 80.207 34.870 5.054 199048.259
0.826000 80.208 34.861 5.054 199154.619
0.827000 80.209 34.853 5.054 199043.982
0.828000 80.210 34.844 5.054 199140.997
0.829000 80.211 34.835 5.054 199362.788
0.830000 80.212 34.826 5.054 199326.110
0.831000 80.213 34.818 5.054 199070.409
0.832000 80.214 34.809 5.054 199158.412
0.833000 80.215 34.800 5.054 199103.992
0.834000 80.215 34.792 5.054 199133.950
0.835000 80.216 34.783 5.054 199191.391
0.836000 80.217 34.774 5.054 198983.567
0.837000 80.218 34.766 5.054 199147.028
0.838000 80.219 34.757 5.054 199310.012
0.839000 80.220 34.749 5.054 199170.478
0.840000 80.221 34.740 5.054 199107.332
0.841000 80.222 34.731 5.054 199122.247
0.842000 80.223 34.723 5.054 199330.430
0.843000 80.224 34.714 5.054 199677.929
0.844000 80.225 34.706 5.054 199607.299
0.845000 80.226 34.697 5.054 199588.735
0.846000 80.227 34.688 5.054 199496.640
0.847000 80.228 34.680 5.054 199462.228
0.848000 80.229 34.671 5.054 199423.639
0.849000 80.230 34.663 5.054 199552.566
0.850000 80.231 34.654 5.054 199677.002
0.851000 80.231 34.646 5.054 199576.180
0.852000 80.232 34.637 5.054 199757.655
0.853000 80.233 34.628 5.054 199914.024
0.854000 80.234 34.620 5.054 199841.156
0.855000 80.235 34.611 5.054 199656.129
0.856000 80.236 34.603 5.054 199843.624
0.857000 80.237 34.594 5.054 199694.925
0.858000 80.238 34.586 5.054 199749.234
0.859000 80.239 34.577 5.054 199739.726
0.860000 80.240 34.569 5.054 199998.806
0.861000 80.241 34.560 5.054 199892.390
0.862000 80.242 34.552 5.054 199994.770
0.863000 80.243 34.543 5.054 200181.070
0.864000 80.244 34.535 5.054 199919.489
0.865000 80.245 34.527 5.054 199642.346
0.866000 80.245 34.518 5.054 199734.215
0.867000 80.246 34.510 5.054 199836.812
0.868000 80.247 34.501 5.054 199876.243
0.869000 80.248 34.493 5.054 200042.679
0.870000 80.249 34.484 5.054 199971.689
0.871000 80.250 34.476 5.054 199830.816
0.872000 80.251 34.468 5.054 199730.671
0.873000 80.252 34.459 5.054 199867.382
0.874000 80.253 34.451 5.054 199749.342
0.875000 80.254 34.442 5.054 199711.109
0.876000 80.255 34.434 5.054 199888.546
0.877000 80.256 34.426 5.054 199898.101
0.878000 80.257 34.417 5.054 200186.572
0.879000 80.257 34.409 5.054 200061.582
0.880000 80.258 34.401 5.054 199808.684
0.881000 80.259 34.392 5.054 199945.640
0.882000 80.260 34.384 5.054 200046.464
0.883000 80.261 34.376 5.054 200217.470
0.884000 80.262 34.367 5.054 200282.262
0.885000 80.263 34.359 5.054 200379.240
0.886000 80.264 34.351 5.054 200285.040
0.887000 80.265 34.342 5.054 200344.400
0.888000 80.266 34.334 5.054 200277.681
0.889000 80.267 34.326 5.054 200294.170
0.890000 80.268 34.317 5.054 200372.541
0.891000 80.268 34.309 5.054 200198.472
0.892000 80.269 34.301 5.054 200441.524
0.893000 80.270 34.293 5.054 200358.097
0.894000 80.271 34.284 5.054 200458.846
0.895000 80.272 34.276 5.054 200395.010
0.896000 80.273 34.268 5.054 200383.059
0.897000 80.274 34.260 5.054 200412.762
0.898000 80.275 34.251 5.054 200495.174
0.899000 80.276 34.243 5.054 200451.248
0.900000 80.277 34.235 5.054 200526.418
0.901000 80.278 34.227 5.054 200369.803
0.902000 80.278 34.219 5.054 200529.213
0.903000 80.279 34.210 5.054 200467.910
0.904000 80.280 34.202 5.054 200320.406
0.905000 80.281 34.194 5.054 200357.826
0.906000 80.282 34.186 5.054 200567.541
0.907000 80.283 34.178 5.054 200363.614
0.908000 80.284 34.170 5.054 200177.668
0.909000 80.285 34.161 5.054 200356.599
0.910000 80.286 34.153 5.054 200348.014
0.911000 80.287 34.145 5.054 200371.398
0.912000 80.287 34.137 5.054 200246.730
0.913000 80.288 34.129 5.054 200270.524
0.914000 80.289 34.121 5.054 200486.957
0.915000 80.290 34.113 5.054 200526.719
0.916000 80.291 34.105 5.054 200448.975
0.917000 80.292 34.097 5.054 200693.855
0.918000 80.293 34.088 5.054 200903.405
0.919000 80.294 34.080 5.054 200816.036
0.920000 80.295 34.072 5.054 200718.038
0.921000 80.296 34.064 5.054 200703.797
0.922000 80.296 34.056 5.054 200755.778
0.923000 80.292 34.047 5.017 200670.271
0.924000 80.293 34.039 5.017 200700.585
0.925000 80.294 34.031 5.017 200991.448
0.926000 80.295 34.023 5.017 201248.499
0.927000 80.296 34.015 5.017 201101.925
0.928000 80.297 34.007 5.017 200754.746
0.929000 80.297 33.999 5.017 200795.429
0.930000 80.298 33.991 5.017 200886.663
0.931000 80.299 33.983 5.017 200877.545
0.932000 80.300 33.975 5.017 200714.740
0.933000 80.301 33.967 5.017 200867.812
0.934000 80.302 33.959 5.017 201288.776
0.935000 80.303 33.951 5.017 201080.841
0.936000 80.304 33.943 5.017 200976.485
0.937000 80.304 33.935 5.017 200924.156
0.938000 80.305 33.928 5.017 200931.184
0.939000 80.306 33.920 5.017 200874.804
0.940000 80.307 33.912 5.017 200952.401
0.941000 80.308 33.904 5.017 200876.260
0.942000 80.309 33.896 5.017 201064.762
0.943000 80.310 33.888 5.017 201207.386
0.944000 80.311 33.880 5.017 201109.855
0.945000 80.311 33.872 5.017 200866.883
0.946000 80.312 33.864 5.017 200915.137
0.947000 80.313 33.856 5.017 201135.028
0.948000 80.314 33.848 5.017 201063.852
0.949000 80.315 33.841 5.017 200989.536
0.950000 80.316 33.833 5.017 201096.322
0.951000 80.317 33.825 5.017 201240.215
0.952000 80.318 33.817 5.017 201484.390
0.953000 80.318 33.809 5.017 201457.847
0.954000 80.319 33.801 5.017 201370.014
0.955000 80.320 33.793 5.017 201455.130
0.956000 80.321 33.786 5.017 201337.764
0.957000 80.322 33.778 5.017 201389.367
0.958000 80.323 33.770 5.017 201502.788
0.959000 80.324 33.762 5.017 201589.977
0.960000 80.325 33.754 5.017 201532.549
0.961000 80.325 33.747 5.017 201866.810
0.962000 80.326 33.739 5.017 201727.923
0.963000 80.327 33.731 5.017 201631.278
0.964000 80.328 33.723 5.017 201772.135
0.965000 80.329 33.716 5.017 201763.401
0.966000 80.330 33.708 5.017 201647.286
0.967000 80.331 33.700 5.017 201574.938
0.968000 80.331 33.692 5.017 201674.599
0.969000 80.332 33.685 5.017 201688.978
0.970000 80.333 33.677 5.017 202051.866
0.971000 80.334 33.669 5.017 201928.528
0.972000 80.335 33.661 5.017 201917.430
0.973000 80.336 33.654 5.017 201677.481
0.974000 80.337 33.646 5.017 201635.647
0.975000 80.337 33.638 5.017 201675.723
0.976000 80.338 33.631 5.017 201913.719
0.977000 80.339 33.623 5.017 201872.460
0.978000 80.340 33.615 5.017 201827.514
0.979000 80.341 33.607 5.017 202193.090
0.980000 80.342 33.600 5.017 202077.980
0.981000 80.343 33.592 5.017 202014.642
0.982000 80.343 33.584 5.017 201984.401
0.983000 80.344 33.577 5.017 201750.918
0.984000 80.345 33.569 5.017 201678.074
0.985000 80.346 33.562 5.017 202003.711
0.986000 80.347 33.554 5.017 201933.317
0.987000 80.348 33.546 5.017 201989.410
0.988000 80.348 33.539 5.017 202111.455
0.989000 80.349 33.531 5.017 202224.505
0.990000 80.350 33.523 5.017 202306.993
0.991000 80.351 33.516 5.017 202253.936
0.992000 80.352 33.508 5.017 202230.244
0.993000 80.353 33.501 5.017 202224.902
0.994000 80.354 33.493 5.017 202347.709
0.995000 80.354 33.485 5.017 202670.008
0.996000 80.355 33.478 5.017 202486.350
0.997000 80.356 33.470 5.017 202618.052
0.998000 80.357 33.463 5.017 202548.004
0.999000 80.358 33.455 5.017 202570.856
1.000000 80.359 33.448 5.017 202644.436
1.001000 80.359 33.440 5.017 202479.721
1.002000 80.360 33.433 5.017 202328.831
1.003000 80.361 33.425 5.017 202358.829
1.004000 80.362 33.417 5.017 202579.274
1.005000 80.363 33.410 5.017 202512.701
1.006000 80.364 33.402 5.017 202581.343
1.007000 80.364 33.395 5.017 202836.745
1.008000 80.365 33.387 5.017 202892.267
1.009000 80.366 33.380 5.017 202753.008
1.010000 80.367 33.372 5.017 202846.761
1.011000 80.368 33.365 5.017 202692.840
1.012000 80.369 33.358 5.017 202522.923
1.013000 80.370 33.350 5.017 202526.516
1.014000 80.370 33.343 5.017 202685.364
1.015000 80.371 33.335 5.017 202897.323
1.016000 80.372 33.328 5.017 202784.076
1.017000 80.373 33.320 5.017 202836.935
1.018000 80.374 33.313 5.017 202751.884
1.019000 80.380 33.306 5.054 202804.115
1.020000 80.381 33.299 5.054 202936.503
1.021000 80.381 33.291 5.054 202851.034
1.022000 80.382 33.284 5.054 202867.599
1.023000 80.383 33.276 5.054 202733.278
1.024000 80.384 33.269 5.054 202874.553
1.025000 80.385 33.262 5.054 203082.658
1.026000 80.385 33.254 5.054 203198.500
1.027000 80.386 33.247 5.054 203197.519
1.028000 80.387 33.239 5.054 203114.026
1.029000 80.388 33.232 5.054 203093.908
1.030000 80.389 33.225 5.054 203109.701
1.031000 80.390 33.217 5.054 203073.867
1.032000 80.390 33.210 5.054 203437.269
1.033000 80.391 33.203 5.054 203444.816
1.034000 80.392 33.195 5.054 203404.780
1.035000 80.393 33.188 5.054 203565.491
1.036000 80.394 33.181 5.054 203755.388
1.037000 80.395 33.173 5.054 203774.615
1.038000 80.395 33.166 5.054 203625.999
1.039000 80.396 33.159 5.054 203686.426
1.040000 80.397 33.151 5.054 203637.321
1.041000 80.398 33.144 5.054 203583.211
1.042000 80.399 33.137 5.054 203728.393
1.043000 80.399 33.129 5.054 203660.139
1.044000 80.400 33.122 5.054 203605.947
1.045000 80.401 33.115 5.054 203837.224
1.046000 80.402 33.108 5.054 203849.684
1.047000 80.403 33.100 5.054 203747.912
1.048000 80.403 33.093 5.054 203713.822
1.049000 80.404 33.086 5.054 203740.490
1.050000 80.405 33.078 5.054 203809.740
1.051000 80.406 33.071 5.054 203781.759
1.052000 80.407 33.064 5.054 203845.933
1.053000 80.408 33.057 5.054 203796.726
1.054000 80.408 33.050 5.054 203870.382
1.055000 80.409 33.042 5.054 204044.039
1.056000 80.410 33.035 5.054 203954.511
1.057000 80.411 33.028 5.054 204033.061
1.058000 80.412 33.021 5.054 204083.591
1.059000 80.412 33.013 5.054 204012.480
1.060000 80.413 33.006 5.054 203906.792
1.061000 80.414 32.999 5.054 203843.319
1.062000 80.415 32.992 5.054 203984.715
1.063000 80.416 32.985 5.054 204144.210
1.064000 80.416 32.977 5.054 204343.485
1.065000 80.417 32.970 5.054 204184.579
1.066000 80.418 32.963 5.054 204255.379
1.067000 80.419 32.956 5.054 204234.897
1.068000 80.420 32.949 5.054 204211.834
1.069000 80.420 32.942 5.054 204239.444
1.070000 80.421 32.934 5.054 204407.057
1.071000 80.422 32.927 5.054 204403.407
1.072000 80.423 32.920 5.054 204351.227
1.073000 80.424 32.913 5.054 204230.452
1.074000 80.424 32.906 5.054 204383.699
1.075000 80.425 32.899 5.054 204595.283
1.076000 80.426 32.892 5.054 204621.976
1.077000 80.427 32.885 5.054 204514.959
1.078000 80.428 32.877 5.054 204733.949
1.079000 80.428 32.870 5.054 204751.502
1.080000 80.429 32.863 5.054 204716.518
1.081000 80.430 32.856 5.054 204745.496
1.082000 80.431 32.849 5.054 204822.836
1.083000 80.432 32.842 5.054 204767.699
1.084000 80.432 32.835 5.054 204627.004
1.085000 80.433 32.828 5.054 204733.705
1.086000 80.434 32.821 5.054 205044.470
1.087000 80.435 32.814 5.054 205144.901
1.088000 80.436 32.807 5.054 205218.130
1.089000 80.436 32.800 5.054 205115.306
1.090000 80.437 32.792 5.054 204921.230
1.091000 80.438 32.785 5.054 204766.751
1.092000 80.439 32.778 5.054 204920.567
1.093000 80.440 32.771 5.054 204931.973
1.094000 80.440 32.764 5.054 205080.332
1.095000 80.441 32.757 5.054 205150.049
1.096000 80.442 32.750 5.054 204985.091
1.097000 80.443 32.743 5.054 204975.474
1.098000 80.443 32.736 5.054 205054.407
1.099000 80.444 32.729 5.054 205186.328
1.100000 80.445 32.722 5.054 205261.864
1.101000 80.446 32.715 5.054 205286.987
1.102000 80.447 32.708 5.054 205230.802
1.103000 80.447 32.701 5.054 205272.045
1.104000 80.448 32.694 5.054 205414.966
1.105000 80.449 32.687 5.054 205466.058
1.106000 80.450 32.680 5.054 205451.041
1.107000 80.451 32.673 5.054 205429.208
1.108000 80.451 32.667 5.054 205423.401
1.109000 80.452 32.660 5.054 205427.567
1.110000 80.453 32.653 5.054 205410.504
1.111000 80.454 32.646 5.054 205551.743
1.112000 80.454 32.639 5.054 205697.184
1.113000 80.455 32.632 5.054 205749.713
1.114000 80.456 32.625 5.054 205666.570
1.115000 80.457 32.618 5.054 205865.650
1.116000 80.458 32.611 5.054 205779.159
1.117000 80.458 32.604 5.054 205590.224
1.118000 80.459 32.597 5.054 205808.704
1.119000 80.460 32.590 5.054 206040.541
1.120000 80.461 32.583 5.054 206144.174
1.121000 80.461 32.577 5.054 205961.198
1.122000 80.462 32.570 5.054 205858.236
1.123000 80.463 32.563 5.054 205957.387
1.124000 80.464 32.556 5.054 206131.537
1.125000 80.465 32.549 5.054 206047.738
1.126000 80.465 32.542 5.054 206079.726
1.127000 80.466 32.535 5.054 206218.502
1.128000 80.467 32.528 5.054 206146.743
1.129000 80.468 32.522 5.054 206094.961
1.130000 80.468 32.515 5.054 206202.557
1.131000 80.469 32.508 5.054 206286.970
1.132000 80.470 32.501 5.054 206374.432
1.133000 80.471 32.494 5.054 206337.059
1.134000 80.471 32.487 5.054 206386.775
1.135000 80.472 32.481 5.054 206400.100
1.136000 80.473 32.474 5.054 206449.049
1.137000 80.474 32.467 5.054 206509.277
1.138000 80.475 32.460 5.054 206349.570
1.139000 80.475 32.453 5.054 206456.769
1.140000 80.476 32.446 5.054 206447.417
1.141000 80.477 32.440 5.054 206387.335
1.142000 80.478 32.433 5.054 206301.033
1.143000 80.478 32.426 5.054 206328.545
1.144000 80.479 32.419 5.054 206568.626
1.145000 80.480 32.413 5.054 206850.978
1.146000 80.481 32.406 5.054 206765.302
1.147000 80.481 32.399 5.054 206650.663
1.148000 80.482 32.392 5.054 206824.104
1.149000 80.483 32.385 5.054 206990.100
1.150000 80.484 32.379 5.054 206922.290
1.151000 80.485 32.372 5.054 206861.110
1.152000 80.485 32.365 5.054 206968.983
1.153000 80.486 32.358 5.054 206938.428
1.154000 80.487 32.352 5.054 206880.788
1.155000 80.488 32.345 5.054 206865.292
1.156000 80.488 32.338 5.054 206975.888
1.157000 80.489 32.332 5.054 206943.827
1.158000 80.490 32.325 5.054 207134.621
1.159000 80.491 32.318 5.054 207110.143
1.160000 80.491 32.311 5.054 207048.924
1.161000 80.492 32.305 5.054 207306.122
1.162000 80.493 32.298 5.054 207293.435
1.163000 80.494 32.291 5.054 207336.685
1.164000 80.494 32.285 5.054 207384.652
1.165000 80.495 32.278 5.054 207177.609
1.166000 80.496 32.271 5.054 207225.275
1.167000 80.497 32.265 5.054 207298.484
1.168000 80.497 32.258 5.054 207198.422
1.169000 80.498 32.251 5.054 207333.909
1.170000 80.499 32.245 5.054 207287.609
1.171000 80.500 32.238 5.054 207521.503
1.172000 80.500 32.231 5.054 207586.749
1.173000 80.501 32.225 5.054 207498.527
1.174000 80.502 32.218 5.054 207774.212
1.175000 80.503 32.211 5.054 207692.077
1.176000 80.504 32.205 5.054 207671.851
1.177000 80.504 32.198 5.054 207736.539
1.178000 80.505 32.191 5.054 207618.259
1.179000 80.506 32.185 5.054 207685.245
1.180000 80.507 32.178 5.054 207738.273
1.181000 80.507 32.172 5.054 207881.721
1.182000 80.508 32.165 5.054 208147.991
1.183000 80.509 32.158 5.054 208136.955
1.184000 80.510 32.152 5.054 208174.741
1.185000 80.510 32.145 5.054 208033.954
1.186000 80.511 32.139 5.054 207856.767
1.187000 80.512 32.132 5.054 208091.042
1.188000 80.513 32.125 5.054 208202.035
1.189000 80.513 32.119 5.054 208189.301
1.190000 80.514 32.112 5.054 208247.791
1.191000 80.515 32.106 5.054 208291.464
1.192000 80.516 32.099 5.054 208288.230
1.193000 80.516 32.092 5.054 208243.990
1.194000 80.517 32.086 5.054 208201.166
1.195000 80.518 32.079 5.054 208184.515
1.196000 80.519 32.073 5.054 208351.378
1.197000 80.519 32.066 5.054 208317.091
1.198000 80.520 32.060 5.054 208316.251
1.199000 80.521 32.053 5.054 208205.452
1.200000 80.522 32.047 5.054 208187.060
1.201000 80.522 32.040 5.054 208529.273
1.202000 80.523 32.034 5.054 208485.588
1.203000 80.524 32.027 5.054 208658.095
1.204000 80.524 32.021 5.054 208753.346
1.205000 80.525 32.014 5.054 208659.849
1.206000 80.526 32.008 5.054 208657.182
1.207000 80.527 32.001 5.054 208601.963
1.208000 80.527 31.995 5.054 208688.887
1.209000 80.528 31.988 5.054 208704.894
1.210000 80.529 31.982 5.054 208727.451
1.211000 80.530 31.975 5.054 208819.085
1.212000 80.530 31.969 5.054 208884.213
1.213000 80.531 31.962 5.054 208799.431
1.214000 80.532 31.956 5.054 208874.614
1.215000 80.533 31.949 5.054 209082.134
1.216000 80.533 31.943 5.054 209046.707
1.217000 80.534 31.936 5.054 209033.974
1.218000 80.535 31.930 5.054 209178.952
1.219000 80.536 31.923 5.054 209210.677
1.220000 80.536 31.917 5.054 209129.256
1.221000 80.537 31.910 5.054 209145.340
1.222000 80.538 31.904 5.054 209121.041
1.223000 80.539 31.898 5.054 209142.752
1.224000 80.539 31.891 5.054 209191.882
1.225000 80.540 31.885 5.054 209586.537
1.226000 80.541 31.878 5.054 209656.369
1.227000 80.542 31.872 5.054 209527.352
1.228000 80.542 31.865 5.054 209530.333
1.229000 80.543 31.859 5.054 209541.316
1.230000 80.544 31.853 5.054 209677.163
1.231000 80.544 31.846 5.054 209637.121
1.232000 80.545 31.840 5.054 209651.971
1.233000 80.546 31.833 5.054 209635.901
1.234000 80.547 31.827 5.054 209700.401
1.235000 80.547 31.821 5.054 209669.372
1.236000 80.548 31.814 5.054 209719.475
1.237000 80.549 31.808 5.054 209702.658
1.238000 80.550 31.802 5.054 209697.425
1.239000 80.550 31.795 5.054 209689.135
1.240000 80.551 31.789 5.054 209901.281
1.241000 80.552 31.782 5.054 209986.249
1.242000 80.553 31.776 5.054 209930.074
1.243000 80.553 31.770 5.054 210033.414
1.244000 80.554 31.763 5.054 210172.475
1.245000 80.555 31.757 5.054 210215.860
1.246000 80.555 31.751 5.054 210070.441
1.247000 80.556 31.744 5.054 210083.072
1.248000 80.557 31.738 5.054 210254.483
1.249000 80.558 31.732 5.054 210200.423
1.250000 80.558 31.725 5.054 210073.680
1.251000 80.559 31.719 5.054 210134.942
1.252000 80.560 31.713 5.054 210018.851
1.253000 80.561 31.706 5.054 210069.722
1.254000 80.561 31.700 5.054 210151.545
1.255000 80.562 31.694 5.054 210315.561
1.256000 80.563 31.687 5.054 210352.294
1.257000 80.563 31.681 5.054 210467.657
1.258000 80.564 31.675 5.054 210387.641
1.259000 80.565 31.669 5.054 210515.093
1.260000 80.566 31.662 5.054 210462.437
1.261000 80.566 31.656 5.054 210458.073
1.262000 80.567 31.650 5.054 210559.116
1.263000 80.568 31.643 5.054 210525.392
1.264000 80.569 31.637 5.054 210675.314
1.265000 80.569 31.631 5.054 210673.177
1.266000 80.570 31.625 5.054 210884.668
1.267000 80.571 31.618 5.054 210881.609
1.268000 80.571 31.612 5.054 210896.041
1.269000 80.572 31.606 5.054 210933.846
1.270000 80.573 31.600 5.054 210782.395
1.271000 80.574 31.593 5.054 210809.722
1.272000 80.574 31.587 5.054 210908.019
1.273000 80.575 31.581 5.054 210977.355
1.274000 80.576 31.575 5.054 211057.840
1.275000 80.576 31.569 5.054 211162.582
1.276000 80.577 31.562 5.054 211125.614
1.277000 80.578 31.556 5.054 211211.629
1.278000 80.579 31.550 5.054 211259.842
1.279000 80.579 31.544 5.054 211321.100
1.280000 80.580 31.537 5.054 211294.012
1.281000 80.581 31.531 5.054 211226.747
1.282000 80.582 31.525 5.054 211470.464
1.283000 80.582 31.519 5.054 211506.018
1.284000 80.583 31.513 5.054 211333.921
1.285000 80.584 31.506 5.054 211364.737
1.286000 80.584 31.500 5.054 211309.451
1.287000 80.585 31.494 5.054 211259.944
1.288000 80.586 31.488 5.054 211412.393
1.289000 80.587 31.482 5.054 211562.161
1.290000 80.587 31.476 5.054 211650.617
1.291000 80.588 31.469 5.054 211715.096
1.292000 80.589 31.463 5.054 211776.459
1.293000 80.589 31.457 5.054 211683.723
1.294000 80.590 31.451 5.054 211560.151
1.295000 80.591 31.445 5.054 211735.670
1.296000 80.592 31.439 5.054 211738.668
1.297000 80.592 31.432 5.054 211594.270
1.298000 80.593 31.426 5.054 211697.330
1.299000 80.594 31.420 5.054 211809.285
1.300000 80.594 31.414 5.054 211932.655
1.301000 80.595 31.408 5.054 212259.010
1.302000 80.596 31.402 5.054 212149.711
1.303000 80.597 31.396 5.054 211978.130
1.304000 80.597 31.390 5.054 211971.557
1.305000 80.598 31.383 5.054 212216.913
1.306000 80.599 31.377 5.054 212186.068
1.307000 80.599 31.371 5.054 212186.805
1.308000 80.600 31.365 5.054 212351.891
1.309000 80.601 31.359 5.054 212253.940
1.310000 80.602 31.353 5.054 212273.311
1.311000 80.602 31.347 5.054 212320.131
1.312000 80.603 31.341 5.054 212445.337
1.313000 80.604 31.335 5.054 212322.058
1.314000 80.604 31.329 5.054 212128.581
1.315000 80.605 31.323 5.054 212189.813
1.316000 80.606 31.316 5.054 212421.491
1.317000 80.607 31.310 5.054 212591.345
1.318000 80.607 31.304 5.054 212578.073
1.319000 80.608 31.298 5.054 212508.306
1.320000 80.609 31.292 5.054 212601.905
1.321000 80.609 31.286 5.054 212586.854
1.322000 80.610 31.280 5.054 212937.573
1.323000 80.611 31.274 5.054 213190.693
1.324000 80.611 31.268 5.054 213128.568
1.325000 80.612 31.262 5.054 213196.203
1.326000 80.613 31.256 5.054 213173.038
1.327000 80.614 31.250 5.054 213133.869
1.328000 80.614 31.244 5.054 212953.801
1.329000 80.615 31.238 5.054 212876.909
1.330000 80.616 31.232 5.054 212701.858
1.331000 80.616 31.226 5.054 212760.796
1.332000 80.617 31.220 5.054 212832.318
1.333000 80.618 31.214 5.054 212967.978
1.334000 80.619 31.208 5.054 213145.609
1.335000 80.619 31.202 5.054 213205.296
1.336000 80.620 31.196 5.054 213244.849
1.337000 80.621 31.190 5.054 213233.128
1.338000 80.621 31.184 5.054 213398.787
1.339000 80.622 31.178 5.054 213513.243
1.340000 80.623 31.172 5.054 213599.095
1.341000 80.623 31.166 5.054 213444.966
1.342000 80.624 31.160 5.054 213358.613
1.343000 80.625 31.154 5.054 213453.204
1.344000 80.626 31.148 5.054 213398.770
1.345000 80.626 31.142 5.054 213448.132
1.346000 80.627 31.136 5.054 213372.194
1.347000 80.628 31.130 5.054 213355.815
1.348000 80.628 31.124 5.054 213361.837
1.349000 80.629 31.118 5.054 213496.449
1.350000 80.630 31.112 5.054 213553.308
1.351000 80.630 31.106 5.054 213789.695
1.352000 80.631 31.100 5.054 213790.691
1.353000 80.632 31.094 5.054 213836.337
1.354000 80.633 31.088 5.054 213735.847
1.355000 80.633 31.083 5.054 213667.595
1.356000 80.634 31.077 5.054 213764.603
1.357000 80.635 31.071 5.054 213919.467
1.358000 80.635 31.065 5.054 213995.723
1.359000 80.636 31.059 5.054 213796.964
1.360000 80.637 31.053 5.054 213880.062
1.361000 80.637 31.047 5.054 214110.215
1.362000 80.638 31.041 5.054 214229.485
1.363000 80.639 31.035 5.054 214292.959
1.364000 80.640 31.029 5.054 214349.219
1.365000 80.640 31.023 5.054 214282.081
1.366000 80.641 31.017 5.054 214490.210
1.367000 80.642 31.012 5.054 214380.167
1.368000 80.642 31.006 5.054 214258.940
1.369000 80.643 31.000 5.054 214575.916
1.370000 80.644 30.994 5.054 214581.810
1.371000 80.644 30.988 5.054 214631.337
1.372000 80.645 30.982 5.054 214571.006
1.373000 80.646 30.976 5.054 214457.888
1.374000 80.647 30.970 5.054 214478.739
1.375000 80.647 30.965 5.054 214492.191
1.376000 80.648 30.959 5.054 214617.854
1.377000 80.649 30.953 5.054 214667.245
1.378000 80.649 30.947 5.054 214590.175
1.379000 80.650 30.941 5.054 214645.763
1.380000 80.651 30.935 5.054 214751.580
1.381000 80.651 30.930 5.054 214749.525
1.382000 80.652 30.924 5.054 214866.697
1.383000 80.653 30.918 5.054 214961.076
1.384000 80.653 30.912 5.054 214964.994
1.385000 80.654 30.906 5.054 215063.372
1.386000 80.655 30.900 5.054 215001.648
1.387000 80.656 30.895 5.054 215137.367
1.388000 80.656 30.889 5.054 215204.759
1.389000 80.657 30.883 5.054 215294.613
1.390000 80.658 30.877 5.054 215160.760
1.391000 80.658 30.871 5.054 214946.580
1.392000 80.659 30.865 5.054 215009.670
1.393000 80.660 30.860 5.054 214932.370
1.394000 80.660 30.854 5.054 215009.917
1.395000 80.661 30.848 5.054 215055.271
1.396000 80.662 30.842 5.054 215347.231
1.397000 80.662 30.836 5.054 215481.374
1.398000 80.663 30.831 5.054 215479.034
1.399000 80.664 30.825 5.054 215353.222
1.400000 80.665 30.819 5.054 215300.263
1.401000 80.665 30.813 5.054 215453.071
1.402000 80.666 30.808 5.054 215544.820
1.403000 80.667 30.802 5.054 215481.134
1.404000 80.667 30.796 5.054 215429.940
1.405000 80.668 30.790 5.054 215585.267
1.406000 80.669 30.785 5.054 215927.421
1.407000 80.669 30.779 5.054 215795.325
1.408000 80.670 30.773 5.054 215714.210
1.409000 80.671 30.767 5.054 215801.310
1.410000 80.671 30.762 5.054 215836.935
1.411000 80.672 30.756 5.054 215884.939
1.412000 80.673 30.750 5.054 215863.521
1.413000 80.673 30.744 5.054 215900.097
1.414000 80.674 30.739 5.054 215827.868
1.415000 80.675 30.733 5.054 216098.983
1.416000 80.676 30.727 5.054 216056.534
1.417000 80.676 30.721 5.054 216029.426
1.418000 80.677 30.716 5.054 215754.474
1.419000 80.678 30.710 5.054 215811.762
1.420000 80.678 30.704 5.054 215970.652
1.421000 80.679 30.699 5.054 216145.879
1.422000 80.680 30.693 5.054 216230.498
1.423000 80.680 30.687 5.054 216267.225
1.424000 80.681 30.682 5.054 216366.491
1.425000 80.682 30.676 5.054 216456.793
1.426000 80.682 30.670 5.054 216737.002
1.427000 80.683 30.664 5.054 216502.589
1.428000 80.684 30.659 5.054 216405.114
1.429000 80.684 30.653 5.054 216410.959
1.430000 80.685 30.647 5.054 216506.267
1.431000 80.686 30.642 5.054 216490.232
1.432000 80.687 30.636 5.054 216517.900
1.433000 80.687 30.630 5.054 216437.409
1.434000 80.688 30.625 5.054 216413.894
1.435000 80.689 30.619 5.054 216457.948
1.436000 80.689 30.613 5.054 216722.397
1.437000 80.690 30.608 5.054 216949.448
1.438000 80.691 30.602 5.054 216899.344
1.439000 80.691 30.596 5.054 216815.501
1.440000 80.692 30.591 5.054 216758.319
1.441000 80.693 30.585 5.054 216745.463
1.442000 80.693 30.579 5.054 216714.530
1.443000 80.694 30.574 5.054 216611.945
1.444000 80.695 30.568 5.054 216819.017
1.445000 80.695 30.563 5.054 217045.502
1.446000 80.696 30.557 5.054 217185.316
1.447000 80.697 30.551 5.054 217256.469
1.448000 80.697 30.546 5.054 217339.752
1.449000 80.698 30.540 5.054 217368.748
1.450000 80.699 30.534 5.054 217428.347
1.451000 80.699 30.529 5.054 217439.006
1.452000 80.700 30.523 5.054 217297.084
1.453000 80.701 30.518 5.054 217136.109
1.454000 80.702 30.512 5.054 217192.691
1.455000 80.702 30.506 5.054 217487.262
1.456000 80.703 30.501 5.054 217818.431
1.457000 80.704 30.495 5.054 217723.016
1.458000 80.704 30.490 5.054 217419.838
1.459000 80.705 30.484 5.054 217539.099
1.460000 80.706 30.479 5.054 217648.897
1.461000 80.706 30.473 5.054 217734.255
1.462000 80.707 30.467 5.054 217799.871
1.463000 80.708 30.462 5.054 217811.226
1.464000 80.708 30.456 5.054 217862.583
1.465000 80.709 30.451 5.054 217837.523
1.466000 80.710 30.445 5.054 217831.288
1.467000 80.710 30.440 5.054 217971.573
1.468000 80.711 30.434 5.054 217973.132
1.469000 80.712 30.428 5.054 217842.248
1.470000 80.712 30.423 5.054 217814.234
1.471000 80.713 30.417 5.054 218035.679
1.472000 80.714 30.412 5.054 218032.102
1.473000 80.714 30.406 5.054 218081.044
1.474000 80.715 30.401 5.054 218150.476
1.475000 80.716 30.395 5.054 218019.340
1.476000 80.716 30.390 5.054 218004.878
1.477000 80.717 30.384 5.054 218123.621
1.478000 80.718 30.379 5.054 218324.149
1.479000 80.718 30.373 5.054 218201.311
1.480000 80.719 30.368 5.054 218199.587
1.481000 80.720 30.362 5.054 218139.462
1.482000 80.720 30.357 5.054 218009.993
1.483000 80.721 30.351 5.054 218012.197
1.484000 80.722 30.346 5.054 218219.509
1.485000 80.722 30.340 5.054 218301.995
1.486000 80.723 30.335 5.054 218634.261
1.487000 80.724 30.329 5.054 218565.079
1.488000 80.725 30.324 5.054 218372.460
1.489000 80.725 30.318 5.054 218309.604
1.490000 80.726 30.313 5.054 218367.051
1.491000 80.727 30.307 5.054 218309.650
1.492000 80.727 30.302 5.054 218463.825
1.493000 80.728 30.296 5.054 218597.116
1.494000 80.729 30.291 5.054 218834.954
1.495000 80.729 30.285 5.054 219007.340
1.496000 80.730 30.280 5.054 218969.837
1.497000 80.731 30.274 5.054 218904.843
1.498000 80.731 30.269 5.054 219127.615
1.499000 80.732 30.263 5.054 219125.208
1.500000 80.733 30.258 5.054 218969.317
1.501000 80.733 30.252 5.054 218894.837
1.502000 80.734 30.247 5.054 218954.976
1.503000 80.735 30.241 5.054 219280.648
1.504000 80.735 30.236 5.054 219443.576
1.505000 80.736 30.231 5.054 219349.000
1.506000 80.737 30.225 5.054 219255.547
1.507000 80.737 30.220 5.054 219384.728
1.508000 80.738 30.214 5.054 219541.755
1.509000 80.739 30.209 5.054 219465.413
1.510000 80.739 30.203 5.054 219428.321
1.511000 80.740 30.198 5.054 219403.907
1.512000 80.741 30.193 5.054 219371.315
1.513000 80.741 30.187 5.054 219297.161
1.514000 80.742 30.182 5.054 219308.397
1.515000 80.743 30.176 5.054 219468.301
1.516000 80.743 30.171 5.054 219615.723
1.517000 80.744 30.165 5.054 219632.293
1.518000 80.745 30.160 5.054 219564.457
1.519000 80.745 30.155 5.054 219616.045
1.520000 80.746 30.149 5.054 219682.555
1.521000 80.747 30.144 5.054 219685.024
1.522000 80.747 30.138 5.054 219654.371
1.523000 80.748 30.133 5.054 219579.634
1.524000 80.749 30.128 5.054 219518.679
1.525000 80.749 30.122 5.054 219656.923
1.526000 80.750 30.117 5.054 219749.647
1.527000 80.751 30.112 5.054 219846.652
1.528000 80.751 30.106 5.054 219982.287
1.529000 80.752 30.101 5.054 220029.659
1.530000 80.753 30.095 5.054 220246.418
1.531000 80.753 30.090 5.054 220065.533
1.532000 80.754 30.085 5.054 220075.366
1.533000 80.755 30.079 5.054 220127.698
1.534000 80.755 30.074 5.054 220097.231
1.535000 80.756 30.069 5.054 220153.417
1.536000 80.757 30.063 5.054 220265.911
1.537000 80.757 30.058 5.054 220307.587
1.538000 80.758 30.053 5.054 220433.715
1.539000 80.759 30.047 5.054 220406.899
1.540000 80.759 30.042 5.054 220374.622
1.541000 80.760 30.037 5.054 220370.911
1.542000 80.761 30.031 5.054 220441.444
1.543000 80.761 30.026 5.054 220622.176
1.544000 80.762 30.021 5.054 220614.438
1.545000 80.763 30.015 5.054 220588.985
1.546000 80.763 30.010 5.054 220660.185
1.547000 80.764 30.005 5.054 220607.532
1.548000 80.765 29.999 5.054 220695.153
1.549000 80.765 29.994 5.054 220720.932
1.550000 80.766 29.989 5.054 220754.420
1.551000 80.767 29.983 5.054 220835.840
1.552000 80.767 29.978 5.054 220906.867
1.553000 80.768 29.973 5.054 221362.452
1.554000 80.769 29.968 5.054 221204.995
1.555000 80.769 29.962 5.054 221073.499
1.556000 80.770 29.957 5.054 220922.439
1.557000 80.771 29.952 5.054 221019.072
1.558000 80.771 29.946 5.054 221033.768
1.559000 80.772 29.941 5.054 221043.535
1.560000 80.773 29.936 5.054 221114.443
1.561000 80.773 29.931 5.054 221142.449
1.562000 80.774 29.925 5.054 221219.822
1.563000 80.775 29.920 5.054 221129.137
1.564000 80.775 29.915 5.054 221235.206
1.565000 80.776 29.909 5.054 221246.202
1.566000 80.777 29.904 5.054 221202.529
1.567000 80.777 29.899 5.054 221092.981
1.568000 80.778 29.894 5.054 221157.849
1.569000 80.779 29.888 5.054 221143.072
1.570000 80.779 29.883 5.054 221262.090
1.571000 80.780 29.878 5.054 221256.142
1.572000 80.781 29.873 5.054 221258.964
1.573000 80.781 29.867 5.054 221193.143
1.574000 80.782 29.862 5.054 221334.130
1.575000 80.783 29.857 5.054 221444.936
1.576000 80.783 29.852 5.054 221572.375
1.577000 80.784 29.846 5.054 221678.321
1.578000 80.785 29.841 5.054 221654.609
1.579000 80.785 29.836 5.054 221635.486
1.580000 80.786 29.831 5.054 221689.539
1.581000 80.787 29.826 5.054 221805.112
1.582000 80.787 29.820 5.054 221777.626
1.583000 80.788 29.815 5.054 221804.671
1.584000 80.789 29.810 5.054 222240.536
1.585000 80.789 29.805 5.054 222278.211
1.586000 80.790 29.799 5.054 222366.389
1.587000 80.790 29.794 5.054 222310.374
1.588000 80.791 29.789 5.054 222290.488
1.589000 80.792 29.784 5.054 222352.745
1.590000 80.792 29.779 5.054 222324.251
1.591000 80.793 29.773 5.054 222085.302
1.592000 80.794 29.768 5.054 222066.606
1.593000 80.794 29.763 5.054 222172.366
1.594000 80.795 29.758 5.054 222245.519
1.595000 80.796 29.753 5.054 222287.101
1.596000 80.796 29.748 5.054 222305.464
1.597000 80.797 29.742 5.054 222287.553
1.598000 80.798 29.737 5.054 222491.643
1.599000 80.798 29.732 5.054 222629.647
1.600000 80.799 29.727 5.054 222801.943
1.601000 80.800 29.722 5.054 222756.034
1.602000 80.800 29.717 5.054 222780.905
1.603000 80.801 29.711 5.054 222756.196
1.604000 80.802 29.706 5.054 222805.310
1.605000 80.802 29.701 5.054 222709.116
1.606000 80.803 29.696 5.054 222641.801
1.607000 80.804 29.691 5.054 222694.513
1.608000 80.804 29.686 5.054 222827.400
1.609000 80.805 29.680 5.054 222673.344
1.610000 80.806 29.675 5.054 222765.546
1.611000 80.806 29.670 5.054 222712.097
1.612000 80.807 29.665 5.054 222833.733
1.613000 80.808 29.660 5.054 222889.876
1.614000 80.808 29.655 5.054 223018.375
1.615000 80.809 29.650 5.054 222986.376
1.616000 80.810 29.645 5.054 222931.175
1.617000 80.810 29.639 5.054 222845.588
1.618000 80.806 29.633 5.017 222744.996
1.619000 80.812 29.629 5.054 222749.059
1.620000 80.807 29.623 5.017 222838.828
1.621000 80.808 29.618 5.017 223128.386
1.622000 80.808 29.612 5.017 223218.846
1.623000 80.809 29.607 5.017 223412.749
1.624000 80.810 29.602 5.017 223448.558
1.625000 80.810 29.597 5.017 223439.700
1.626000 80.811 29.592 5.017 223595.171
1.627000 80.812 29.587 5.017 223752.672
1.628000 80.812 29.582 5.017 223876.778
1.629000 80.813 29.577 5.017 223971.774
1.630000 80.814 29.572 5.017 223714.151
1.631000 80.814 29.567 5.017 223612.183
1.632000 80.815 29.562 5.017 223583.047
1.633000 80.816 29.556 5.017 223736.665
1.634000 80.816 29.551 5.017 223797.632
1.635000 80.817 29.546 5.017 223788.826
1.636000 80.818 29.541 5.017 223770.897
1.637000 80.818 29.536 5.017 224005.850
1.638000 80.819 29.531 5.017 224179.227
1.639000 80.820 29.526 5.017 224070.203
1.640000 80.820 29.521 5.017 223901.186
1.641000 80.821 29.516 5.017 223866.575
1.642000 80.822 29.511 5.017 223942.125
1.643000 80.822 29.506 5.017 223976.720
1.644000 80.823 29.501 5.017 223861.772
1.645000 80.824 29.496 5.017 223919.593
1.646000 80.824 29.491 5.017 224049.184
1.647000 80.825 29.486 5.017 224052.585
1.648000 80.825 29.481 5.017 224105.515
1.649000 80.826 29.475 5.017 224132.763
1.650000 80.827 29.470 5.017 224105.477
1.651000 80.827 29.465 5.017 223955.646
1.652000 80.828 29.460 5.017 224032.877
1.653000 80.829 29.455 5.017 224003.178
1.654000 80.829 29.450 5.017 224155.977
1.655000 80.830 29.445 5.017 224565.165
1.656000 80.831 29.440 5.017 224543.757
1.657000 80.831 29.435 5.017 224577.858
1.658000 80.832 29.430 5.017 224531.981
1.659000 80.833 29.425 5.017 224706.074
1.660000 80.833 29.420 5.017 224693.281
1.661000 80.834 29.415 5.017 224548.471
1.662000 80.835 29.410 5.017 224603.916
1.663000 80.835 29.405 5.017 224792.448
1.664000 80.836 29.400 5.017 224693.908
1.665000 80.837 29.395 5.017 224815.293
1.666000 80.837 29.390 5.017 224768.588
1.667000 80.838 29.385 5.017 224845.239
1.668000 80.839 29.380 5.017 224848.094
1.669000 80.839 29.375 5.017 224767.802
1.670000 80.840 29.370 5.017 224730.565
1.671000 80.840 29.365 5.017 224744.940
1.672000 80.841 29.360 5.017 224806.675
1.673000 80.842 29.355 5.017 224935.121
1.674000 80.842 29.350 5.017 225044.797
1.675000 80.843 29.345 5.017 225283.171
1.676000 80.844 29.340 5.017 225363.585
1.677000 80.844 29.335 5.017 225367.389
1.678000 80.845 29.331 5.017 225373.774
1.679000 80.846 29.326 5.017 225464.199
1.680000 80.846 29.321 5.017 225336.296
1.681000 80.847 29.316 5.017 225229.559
1.682000 80.848 29.311 5.017 225393.804
1.683000 80.848 29.306 5.017 225408.289
1.684000 80.849 29.301 5.017 225321.229
1.685000 80.850 29.296 5.017 225371.786
1.686000 80.850 29.291 5.017 225497.264
1.687000 80.851 29.286 5.017 225498.075
1.688000 80.852 29.281 5.017 225497.219
1.689000 80.852 29.276 5.017 225555.095
1.690000 80.853 29.271 5.017 225853.034
1.691000 80.854 29.266 5.017 225780.522
1.692000 80.854 29.261 5.017 225771.821
1.693000 80.855 29.256 5.017 225719.678
1.694000 80.855 29.251 5.017 225555.060
1.695000 80.856 29.247 5.017 225715.728
1.696000 80.857 29.242 5.017 225739.719
1.697000 80.857 29.237 5.017 225672.750
1.698000 80.858 29.232 5.017 225741.168
1.699000 80.859 29.227 5.017 225853.277
1.700000 80.859 29.222 5.017 225901.809
1.701000 80.860 29.217 5.017 225958.013
1.702000 80.861 29.212 5.017 226002.780
1.703000 80.861 29.207 5.017 226029.510
1.704000 80.862 29.202 5.017 226165.669
1.705000 80.863 29.197 5.017 226498.113
1.706000 80.863 29.193 5.017 226333.044
1.707000 80.864 29.188 5.017 226350.422
1.708000 80.865 29.183 5.017 226273.528
1.709000 80.865 29.178 5.017 226324.167
1.710000 80.866 29.173 5.017 226435.830
1.711000 80.867 29.168 5.017 226485.259
1.712000 80.867 29.163 5.017 226609.427
1.713000 80.868 29.158 5.017 226509.924
1.714000 80.868 29.154 5.017 226653.969
1.715000 80.869 29.149 5.017 226743.475
1.716000 80.870 29.144 5.017 226643.852
1.717000 80.870 29.139 5.017 226706.372
1.718000 80.871 29.134 5.017 226699.259
1.719000 80.872 29.129 5.017 226637.809
1.720000 80.872 29.124 5.017 226724.421
1.721000 80.873 29.119 5.017 226838.436
1.722000 80.874 29.115 5.017 226859.172
1.723000 80.874 29.110 5.017 226805.935
1.724000 80.875 29.105 5.017 226856.802
1.725000 80.876 29.100 5.017 226788.502
1.726000 80.876 29.095 5.017 226772.581
1.727000 80.877 29.090 5.017 226793.300
1.728000 80.878 29.086 5.017 226740.236
1.729000 80.878 29.081 5.017 226633.242
1.730000 80.879 29.076 5.017 226722.634
1.731000 80.879 29.071 5.017 226739.080
1.732000 80.880 29.066 5.017 226846.003
1.733000 80.881 29.061 5.017 227039.932
1.734000 80.881 29.057 5.017 227008.046
1.735000 80.882 29.052 5.017 227188.204
1.736000 80.883 29.047 5.017 227328.819
1.737000 80.883 29.042 5.017 227358.950
1.738000 80.884 29.037 5.017 227150.174
1.739000 80.885 29.033 5.017 227104.831
1.740000 80.885 29.028 5.017 227166.304
1.741000 80.886 29.023 5.017 227357.778
1.742000 80.887 29.018 5.017 227535.536
1.743000 80.887 29.013 5.017 227584.221
1.744000 80.888 29.008 5.017 227661.900
1.745000 80.889 29.004 5.017 227432.759
1.746000 80.889 28.999 5.017 227367.233
1.747000 80.890 28.994 5.017 227425.694
1.748000 80.890 28.989 5.017 227537.735
1.749000 80.891 28.985 5.017 227569.583
1.750000 80.892 28.980 5.017 227651.842
1.751000 80.892 28.975 5.017 227719.053
1.752000 80.893 28.970 5.017 227766.266
1.753000 80.894 28.965 5.017 227901.069
1.754000 80.894 28.961 5.017 227871.341
1.755000 80.895 28.956 5.017 227929.572
1.756000 80.896 28.951 5.017 227816.454
1.757000 80.896 28.946 5.017 227870.319
1.758000 80.897 28.942 5.017 227982.330
1.759000 80.898 28.937 5.017 227989.594
1.760000 80.898 28.932 5.017 228186.878
1.761000 80.899 28.927 5.017 228247.172
1.762000 80.900 28.922 5.017 228256.265
1.763000 80.900 28.918 5.017 228180.821
1.764000 80.901 28.913 5.017 228144.270
1.765000 80.901 28.908 5.017 228235.929
1.766000 80.902 28.903 5.017 228395.659
1.767000 80.903 28.899 5.017 228329.657
1.768000 80.903 28.894 5.017 228273.222
1.769000 80.904 28.889 5.017 228288.942
1.770000 80.905 28.885 5.017 228341.015
1.771000 80.905 28.880 5.017 228498.281
1.772000 80.906 28.875 5.017 228666.692
1.773000 80.907 28.870 5.017 228571.852
1.774000 80.907 28.866 5.017 228576.454
1.775000 80.908 28.861 5.017 228444.205
1.776000 80.909 28.856 5.017 228488.005
1.777000 80.909 28.851 5.017 228581.785
1.778000 80.910 28.847 5.017 228330.438
1.779000 80.910 28.842 5.017 228145.400
1.780000 80.911 28.837 5.017 228326.233
1.781000 80.912 28.833 5.017 228623.551
1.782000 80.912 28.828 5.017 228693.336
1.783000 80.913 28.823 5.017 228690.794
1.784000 80.914 28.818 5.017 228525.561
1.785000 80.914 28.814 5.017 228594.331
1.786000 80.915 28.809 5.017 228644.803
1.787000 80.916 28.804 5.017 228776.734
1.788000 80.916 28.800 5.017 228885.030
1.789000 80.917 28.795 5.017 229150.356
1.790000 80.918 28.790 5.017 229104.370
1.791000 80.918 28.786 5.017 229048.746
1.792000 80.919 28.781 5.017 229092.862
1.793000 80.919 28.776 5.017 229200.115
1.794000 80.920 28.772 5.017 229352.739
1.795000 80.921 28.767 5.017 229445.306
1.796000 80.921 28.762 5.017 229469.743
1.797000 80.922 28.757 5.017 229587.274
1.798000 80.923 28.753 5.017 229640.623
1.799000 80.923 28.748 5.017 229703.095
1.800000 80.924 28.743 5.017 229824.998
1.801000 80.925 28.739 5.017 229609.908
1.802000 80.925 28.734 5.017 229495.919
1.803000 80.926 28.729 5.017 229488.222
1.804000 80.927 28.725 5.017 229550.475
1.805000 80.927 28.720 5.017 229690.035
1.806000 80.928 28.716 5.017 229639.482
1.807000 80.928 28.711 5.017 229737.512
1.808000 80.929 28.706 5.017 229630.496
1.809000 80.930 28.702 5.017 229678.173
1.810000 80.930 28.697 5.017 229662.816
1.811000 80.931 28.692 5.017 229643.806
1.812000 80.932 28.688 5.017 229748.029
1.813000 80.932 28.683 5.017 229597.781
1.814000 80.933 28.678 5.017 229685.469
1.815000 80.934 28.674 5.017 229787.058
1.816000 80.934 28.669 5.017 229937.230
1.817000 80.935 28.664 5.017 230041.438
1.818000 80.936 28.660 5.017 229882.531
1.819000 80.936 28.655 5.017 229785.145
1.820000 80.937 28.651 5.017 229835.603
1.821000 80.937 28.646 5.017 229966.579
1.822000 80.938 28.641 5.017 230021.336
1.823000 80.939 28.637 5.017 230170.558
1.824000 80.939 28.632 5.017 230029.565
1.825000 80.940 28.628 5.017 230218.372
1.826000 80.941 28.623 5.017 230389.119
1.827000 80.941 28.618 5.017 230523.015
1.828000 80.942 28.614 5.017 230582.066
1.829000 80.943 28.609 5.017 230459.870
1.830000 80.943 28.604 5.017 230262.734
1.831000 80.944 28.600 5.017 230413.714
1.832000 80.945 28.595 5.017 230495.187
1.833000 80.945 28.591 5.017 230422.343
1.834000 80.946 28.586 5.017 230469.616
1.835000 80.946 28.582 5.017 230509.548
1.836000 80.947 28.577 5.017 230421.738
1.837000 80.948 28.572 5.017 230351.354
1.838000 80.948 28.568 5.017 230392.912
1.839000 80.949 28.563 5.017 230499.490
1.840000 80.950 28.559 5.017 230580.111
1.841000 80.950 28.554 5.017 230665.733
1.842000 80.951 28.549 5.017 230721.658
1.843000 80.952 28.545 5.017 230869.648
1.844000 80.952 28.540 5.017 230978.442
1.845000 80.953 28.536 5.017 231172.409
1.846000 80.954 28.531 5.017 231148.483
1.847000 80.954 28.527 5.017 231020.501
1.848000 80.955 28.522 5.017 231099.903
1.849000 80.955 28.518 5.017 231057.515
1.850000 80.956 28.513 5.017 231052.897
1.851000 80.957 28.508 5.017 230890.679
1.852000 80.957 28.504 5.017 230983.345
1.853000 80.958 28.499 5.017 231227.225
1.854000 80.959 28.495 5.017 231192.575
1.855000 80.959 28.490 5.017 231247.360
1.856000 80.960 28.486 5.017 231319.733
1.857000 80.961 28.481 5.017 231371.170
1.858000 80.961 28.477 5.017 231376.358
1.859000 80.962 28.472 5.017 231381.192
1.860000 80.962 28.468 5.017 231426.048
1.861000 80.963 28.463 5.017 231539.061
1.862000 80.964 28.458 5.017 231726.740
1.863000 80.964 28.454 5.017 231617.721
1.864000 80.965 28.449 5.017 231646.214
1.865000 80.966 28.445 5.017 231555.974
1.866000 80.966 28.440 5.017 231461.212
1.867000 80.967 28.436 5.017 231404.370
1.868000 80.968 28.431 5.017 231439.244
1.869000 80.968 28.427 5.017 231576.091
1.870000 80.969 28.422 5.017 231524.976
1.871000 80.970 28.418 5.017 231426.681
1.872000 80.970 28.413 5.017 231545.085
1.873000 80.971 28.409 5.017 231710.244
1.874000 80.971 28.404 5.017 231876.236
1.875000 80.972 28.400 5.017 231986.721
1.876000 80.973 28.395 5.017 231940.683
1.877000 80.973 28.391 5.017 231909.353
1.878000 80.974 28.386 5.017 231947.287
1.879000 80.975 28.382 5.017 231987.069
1.880000 80.975 28.377 5.017 231998.373
1.881000 80.976 28.373 5.017 231933.073
1.882000 80.977 28.368 5.017 231920.346
1.883000 80.977 28.364 5.017 232144.429
1.884000 80.978 28.359 5.017 232306.434
1.885000 80.978 28.355 5.017 232305.879
1.886000 80.979 28.350 5.017 232153.104
1.887000 80.980 28.346 5.017 232204.861
1.888000 80.980 28.341 5.017 232273.637
1.889000 80.981 28.337 5.017 232350.841
1.890000 80.982 28.332 5.017 232319.053
1.891000 80.982 28.328 5.017 232368.300
1.892000 80.983 28.324 5.017 232351.887
1.893000 80.984 28.319 5.017 232414.873
1.894000 80.984 28.315 5.017 232623.976
1.895000 80.985 28.310 5.017 232737.408
1.896000 80.985 28.306 5.017 232768.501
1.897000 80.986 28.301 5.017 232844.818
1.898000 80.987 28.297 5.017 232888.180
1.899000 80.987 28.292 5.017 232928.060
1.900000 80.988 28.288 5.017 232850.766
1.901000 80.989 28.283 5.017 232704.198
1.902000 80.989 28.279 5.017 232814.223
1.903000 80.990 28.275 5.017 232762.190
1.904000 80.991 28.270 5.017 232668.665
1.905000 80.991 28.266 5.017 232668.161
1.906000 80.992 28.261 5.017 232862.319
1.907000 80.993 28.257 5.017 232817.287
1.908000 80.993 28.252 5.017 232886.352
1.909000 80.994 28.248 5.017 233111.776
1.910000 80.994 28.244 5.017 233147.625
1.911000 80.995 28.239 5.017 233095.213
1.912000 80.996 28.235 5.017 233102.466
1.913000 80.996 28.230 5.017 233218.613
1.914000 80.997 28.226 5.017 233382.335
1.915000 80.998 28.221 5.017 233521.763
1.916000 80.998 28.217 5.017 233461.730
1.917000 80.999 28.213 5.017 233371.250
1.918000 81.000 28.208 5.017 233352.050
1.919000 81.000 28.204 5.017 233533.893
1.920000 81.001 28.199 5.017 233643.889
1.921000 81.001 28.195 5.017 233619.717
1.922000 81.002 28.191 5.017 233592.842
1.923000 81.003 28.186 5.017 233382.484
1.924000 81.003 28.182 5.017 233273.420
1.925000 81.004 28.177 5.017 233376.083
1.926000 81.005 28.173 5.017 233401.444
1.927000 81.005 28.169 5.017 233473.590
1.928000 81.006 28.164 5.017 233410.800
1.929000 81.007 28.160 5.017 233280.911
1.930000 81.007 28.155 5.017 233449.303
1.931000 81.008 28.151 5.017 233649.466
1.932000 81.008 28.147 5.017 233941.810
1.933000 81.009 28.142 5.017 233911.204
1.934000 81.010 28.138 5.017 233758.796
1.935000 81.010 28.134 5.017 233934.686
1.936000 81.011 28.129 5.017 233889.239
1.937000 81.012 28.125 5.017 233978.981
1.938000 81.012 28.120 5.017 234143.175
1.939000 81.013 28.116 5.017 233942.271
1.940000 81.014 28.112 5.017 233852.356
1.941000 81.014 28.107 5.017 233841.684
1.942000 81.015 28.103 5.017 233939.612
1.943000 81.015 28.099 5.017 234083.776
1.944000 81.016 28.094 5.017 234040.136
1.945000 81.017 28.090 5.017 234128.723
1.946000 81.017 28.086 5.017 234360.097
1.947000 81.018 28.081 5.017 234408.392
1.948000 81.019 28.077 5.017 234392.899
1.949000 81.019 28.073 5.017 234358.019
1.950000 81.020 28.068 5.017 234603.878
1.951000 81.021 28.064 5.017 234572.404
1.952000 81.021 28.060 5.017 234538.148
1.953000 81.022 28.055 5.017 234468.924
1.954000 81.022 28.051 5.017 234566.638
1.955000 81.023 28.047 5.017 234525.646
1.956000 81.024 28.042 5.017 234446.348
1.957000 81.024 28.038 5.017 234549.435
1.958000 81.025 28.034 5.017 234323.643
1.959000 81.026 28.029 5.017 234366.187
1.960000 81.026 28.025 5.017 234321.192
1.961000 81.027 28.021 5.017 234405.778
1.962000 81.028 28.016 5.017 234470.861
1.963000 81.028 28.012 5.017 234608.290
1.964000 81.029 28.008 5.017 234925.588
1.965000 81.029 28.003 5.017 234958.755
1.966000 81.030 27.999 5.017 234952.262
1.967000 81.031 27.995 5.017 234936.855
1.968000 81.031 27.990 5.017 234984.652
1.969000 81.032 27.986 5.017 235099.554
1.970000 81.033 27.982 5.017 234966.486
1.971000 81.033 27.977 5.017 235022.080
1.972000 81.034 27.973 5.017 235123.219
1.973000 81.035 27.969 5.017 235211.298
1.974000 81.035 27.965 5.017 235255.459
1.975000 81.036 27.960 5.017 235344.176
1.976000 81.036 27.956 5.017 235166.714
1.977000 81.037 27.952 5.017 235186.563
1.978000 81.038 27.947 5.017 235194.048
1.979000 81.038 27.943 5.017 235119.869
1.980000 81.039 27.939 5.017 234979.511
1.981000 81.040 27.935 5.017 235173.762
1.982000 81.040 27.930 5.017 235312.043
1.983000 81.041 27.926 5.017 235489.910
1.984000 81.042 27.922 5.017 235567.485
1.985000 81.042 27.917 5.017 235485.343
1.986000 81.043 27.913 5.017 235467.182
1.987000 81.043 27.909 5.017 235426.911
1.988000 81.044 27.905 5.017 235434.638
1.989000 81.045 27.900 5.017 235486.939
1.990000 81.045 27.896 5.017 235661.603
1.991000 81.046 27.892 5.017 235759.320
1.992000 81.047 27.888 5.017 235852.420
1.993000 81.047 27.883 5.017 235629.412
1.994000 81.048 27.879 5.017 235550.072
1.995000 81.049 27.875 5.017 235646.533
1.996000 81.049 27.871 5.017 235825.397
1.997000 81.050 27.866 5.017 235864.912
1.998000 81.050 27.862 5.017 235865.567
1.999000 81.051 27.858 5.017 236006.497
2.000000 81.052 27.854 5.017 236214.843
